1219238549997981696
1219178866238988288
1219349051294076928
1219300421711343616
1219262913933926401
1219376799148318720
1219184498358784000
1219196682476380160
1219179893843357697
1219375393158893569
1219260263519703043
1219155254144618496
1219404217854701568
1219473365968261125
1219157411518390272
1219360670459842560
1219293063522258946
1219377549677158400
1219143880832143360
1219357763165458437
1219491127444889600
1219352308758216710
1219291224668090370
1219321187567841282
1219484215521222656
1219190527008047104
1219485677265608704
1219168469180211200
1219147551137587201
1219404607685898242
1219192645983055872
1219231750775287808
1219320953311825920
1219196918959628288
1219474392725495808
1219343568021655552
1219291059030831105
1219320269971623937
1219253024901738496
1219347664434651136
1219141787022974977
1219150654901555202
1219332931384152064
1219318077814341632
1219228162405675008
1219315523630116866
1219330438789050368
1219320079483068417
1219458340775976961
1219328789588717569
1219318775796858881
1219271941326020613
1219335100288184326
1219332622423416836
1219325779001081862
1219332940531892226
1219355199535566849
1219195449070014465
1219205359119818753
1219268581847900161
1219489754376482816
1219471583858896897
1219423360947556352
1219488542574944261
1219395007775416321
1219347247487426560
1219351169774112771
1219369517077405697
1219195943083339776
1219211588454027265
1219321500941066241
1219352304350121984
1219193827589791744
1219212090382012422
1219275195728515072
1219325625414168576
1219286054529835008
1219158871299837953
1219396019022127105
1219412155155566594
1219485019481296896
1219225133698748416
1219186002910158849
1219271755413540865
1219381406041878535
1219323553516048384
1219281654826643457
1219351636725960705
1219283757737369600
1219334283137048577
1219210853972496384
1219359501792444416
1219497939728502785
1219315241315655680
1219410451840274435
1219325587929681922
1219355762398564352
1219148124129841152
1219302029488685057
1219149162413002753
1219359200083505152
1219395275997040640
1219380690086776832
1219493547021389824
1219311383227043845
1219349471735296001
1219275891735289856
1219399454408593409
1219219286344060929
1219350735801831425
1219212718948962309
1219334360752644097
1219369174205632513
1219352781317922817
1219366292035121152
1219241041859170306
1219251109103050753
1219331765548060672
1219428541609189376
1219358121556049920
1219416761029857280
1219194832540917760
1219243475801079808
1219390811026214916
1219335237592850432
1219160151795564545
1219468300788412416
1219487740666032128
1219205794555682816
1219195548722483200
1219315224358064131
1219395738356060165
1219254401749131266
1219263660410986496
1219224410223185920
1219298180833124353
1219489873783951360
1219427471310848000
1219197316449685504
1219252941263196160
1219266947340173312
1219311588190101504
1219371725621792775
1219289796725616642
1219374541874569216
1219339608082866176
1219351549488615424
1219314151069188099
1219485603441541120
1219188893972647937
1219345025118674944
1219328351577542656
1219493074474278912
1219339818670395393
1219331185945522176
1219336446458372096
1219347726716080128
1219163374233313281
1219290910321713154
1219328133494661120
1219148730693234688
1219294311118004226
1219159712819765249
1219352469630869505
1219314313342656512
1219411084643164160
1219377480353697792
1219314654801014785
1219395024183603206
1219447019670003712
1219344424372776960
1219317968577945601
1219165920901455872
1219380351820161030
1219241176202608642
1219203510983647232
1219494834064494592
1219404528610676736
1219385212909518850
1219334344315228165
1219175338338635778
1219320625451405317
1219162538744696832
1219223044297756674
1219351696696016896
1219341529837395968
1219472455598772224
1219226264780902400
1219294200233177088
1219481411222147072
1219367954195853313
1219347546469998596
1219322705847160832
1219245960334913538
1219486095970390017
1219158405102874624
1219149660067155968
1219332563858350086
1219343018580480007
1219358933942513666
1219458308685422592
1219335552748658689
1219400463927463941
1219214911475265536
1219303135790927873
1219315594039828480
1219351783681732610
1219334951746899968
1219166907259129856
1219249078699204614
1219356099196923905
1219348819969814528
1219479570572771330
1219236644756295680
1219458510020321280
1219483576791597057
1219316939195060224
1219295108241162241
1219464276332679169
1219395475868176384
1219187584246611968
1219334120783917056
1219330776308813826
1219291845211185152
1219172171425161216
1219319246083239937
1219344783463809029
1219349354680479744
1219459936884854784
1219181808895524865
1219472315525816320
1219210524979802112
1219376542360514560
1219362465944875018
1219371137525829634
1219468446649536512
1219316978881527809
1219257121000382464
1219487681618550785
1219354694700752896
1219271861844004865
1219459116181196802
1219197932848676864
1219471731649400833
1219311527368581120
1219336271606288384
1219388529341497345
1219377909082808327
1219277974463287296
1219235816133799936
1219314709633077248
1219458629893529600
1219269068156477440
1219367593376669698
1219226045632720896
1219488328946475008
1219347047461027840
1219331610165858306
1219332375810846721
1219390249631133697
1219345998318854146
1219333049793552385
1219341859895508992
1219324776604491778
1219393643771060224
1219286395564576771
1219228464047427590
1219308943144554496
1219320289517035523
1219483553269940226
1219366520305987584
1219357765942026242
1219475717349683200
1219488587898593281
1219299743500787713
1219359802490523648
1219473941397417984
1219186051027283970
1219163202107445248
1219272129826476033
1219314930928771072
1219276759931244545
1219358047602167808
1219403339911385090
1219300216194596871
1219317688016809984
1219147513032253440
1219362410290610176
1219499830462091264
1219374014352842752
1219154990406819841
1219356576215195648
1219316141262364673
1219218590953504773
1219476988835926016
1219172727451529216
1219361001633648640
1219247836744818689
1219365622569668617
1219336014172491778
1219167413989711872
1219203915612401669
1219343725475901440
1219346765759033344
1219296153235349505
1219325776727662592
1219228397278285824
1219317375658491905
1219341749606326272
1219360797131988992
1219439817043456004
1219312155729846273
1219352530532077574
1219197870278135808
1219350562421997568
1219328817744969733
1219420619193954304
1219484051805016064
1219487120311685123
1219393048460709890
1219325775524089857
1219333683699683328
1219158259870982144
1219476919667904512
1219212452623212546
1219464544285855744
1219361992307290112
1219455186416160770
1219357544277258242
1219382442865446912
1219446660255961088
1219321108442308608
1219240477251264512
1219412051149434880
1219333587490787330
1219275869862146048
1219295200465555461
1219318172391804929
1219365855244345345
1219336461813723139
1219229784988880906
1219161713662156800
1219321767459725313
1219318391988801536
1219404248024256512
1219347905590546436
1219333355541598215
1219380676782448644
1219314033913888773
1219328142189506566
1219332364914118656
1219415620074295298
1219485689714216961
1219180924186910720
1219477225151647744
1219405495322075136
1219328167158210563
1219321756525191169
1219352410021224448
1219476226387202048
1219190789701545986
1219324379642957825
1219182187054075904
1219360908381753345
1219352712191664128
1219199673900195840
1219152872732069889
1219166591373365248
1219335013415768065
1219228789143674882
1219471691975446530
1219333582780497922
1219334649073283072
1219318885142261760
1219253388963209216
1219374736196743168
1219300742961532931
1219297375145074690
1219317719801192450
1219336367488020481
1219194997637091329
1219209448775921664
1219334048428052481
1219372771769274374
1219347741739974658
1219327156775419906
1219148345756745728
1219387582565490689
1219296157555462146
1219336623260884993
1219393993471033345
1219313951961493504
1219315402011889664
1219416545547489280
1219343109445816320
1219149866401718272
1219161309268389895
1219158470953447424
1219333422688210944
1219207943746400256
1219243424945188865
1219256672767610881
1219169059251609602
1219485059679444992
1219316002606981128
1219253861463945217
1219376093133778957
1219255053699121153
1219404784530337792
1219418729748094976
1219229727111688192
1219327879705714689
1219388541018542081
1219235228650221568
1219490255511990279
1219183989082116096
1219460992578527232
1219329513680666624
1219315711648174081
1219151706795188224
1219325142175830016
1219479287243382786
1219223006448320513
1219491671014019072
1219260233249382407
1219492932727820288
1219437613884436480
1219331335552143360
1219167805087657986
1219232718371938304
1219316165929054211
1219203224764370944
1219363944231555072
1219276719154245633
1219182266049552384
1219426188164247555
1219239158612480000
1219205325343031296
1219238824955518978
1219328195884994560
1219244184336523264
1219156752136130560
1219271171776172032
1219386464204664833
1219368345335730177
1219227814395891712
1219149431943180288
1219176666569809920
1219461432032579586
1219393319320596482
1219271672706084864
1219482429343191040
1219339762202488839
1219275188992430082
1219219782605647879
1219220160483069952
1219276239749382145
1219266181477142533
1219325312531599361
1219393027501969410
1219175473709797377
1219210178391920645
1219218434069798913
1219359719128805377
1219338529869836290
1219494652878848002
1219224750146424834
1219155638170869765
1219172260751323137
1219157877463683074
1219471764339806210
1219278489519640576
1219394948015017984
1219155444305997825
1219494814359662592
1219317224453955584
1219193651261255680
1219251238216314880
1219338059889639424
1219335198732627968
1219360840056549376
1219455978476732416
1219310299297329152
1219461788418355200
1219392252340056069
1219305495187656704
1219306083086487554
1219315809648070657
1219387771590258689
1219334100886093826
1219199300414197760
1219337595789938688
1219359462902902786
1219140482040836096
1219436587794280448
1219185313916030977
1219331400190636032
1219449177547182081
1219205003300286464
1219257411556560896
1219223407511863296
1219330599992905729
1219221399107141632
1219204329770553344
1219312195957338112
1219350722518667265
1219443453987303424
1219483322474102784
1219186766961311744
1219185206315442179
1219368606267596800
1219425207787458560
1219251294046752768
1219172347715956736
1219171029613936641
1219328424604524545
1219334882679250945
1219315822516146178
1219211734734589953
1219485427780014080
1219230809015705600
1219299407230853120
1219324461784150017
1219149105605304320
1219283972649357312
1219445336843915264
1219239685152747525
1219399143946440706
1219464197588824064
1219307402299936769
1219140109443964928
1219149598134018048
1219321257524649984
1219275487673012231
1219440795012517888
1219262576967680000
1219316728183885824
1219244102820204544
1219386566487027712
1219168974295961602
1219340633044856832
1219352839664947204
1219342241988317186
1219347221994463232
1219332675531681793
1219212103116115969
1219161673799557120
1219248252207452160
1219495306708094977
1219253630945067009
1219402263246053376
1219426388484198400
1219307337539780608
1219418579491282946
1219401313194213376
1219418358405390337
1219420525556006913
1219457091720617984
1219322564725571585
1219326348180758528
1219323391829856259
1219443507947098113
1219332746704818176
1219312774171516929
1219488178865917952
1219466657757908993
1219152877953916928
1219276995806351360
1219408968042405889
1219335604313280512
1219337183607259137
1219328133545054208
1219332770205458432
1219321199546728448
1219318848794566663
1219340594046283777
1219195970224893953
1219483693586227200
1219192587715739649
1219249057702600704
1219349391670202370
1219260978568794113
1219330156487200769
1219330451099279367
1219288646907502599
1219431901452230656
1219485845650132992
1219289987621048325
1219353859749040129
1219343048116785152
1219381016521035777
1219197460779696129
1219324213598851073
1219338477126459395
1219458339173588992
1219326009838915586
1219342311815073792
1219213484635770880
1219329029721022470
1219413210652123148
1219156139641835521
1219321914499510272
1219296552268845057
1219499613150949376
1219333776213446666
1219314704763494400
1219270383540420608
1219270546296320000
1219212063584727043
1219357607376359424
1219475444510199813
1219275199385931776
1219367710544551937
1219319446541565958
1219487257071144960
1219489900174675968
1219351756674482176
1219373536550277126
1219480450621534208
1219362221324668936
1219300881616769030
1219390636329181184
1219326208044826631
1219239503270944768
1219393091129483264
1219251103839268865
1219330355104272386
1219344346870317056
1219308181010157573
1219397608243965955
1219240276964802561
1219400585377697792
1219327518378991618
1219231299585630208
1219456350532657152
1219163545717366784
1219372497147133952
1219345234351611904
1219308656346509312
1219169986087997440
1219343041024143363
1219355864676605958
1219292412650180608
1219334653301096448
1219379509159518210
1219307095079751680
1219487358309031936
1219327462615797760
1219265170079395840
1219334987876655107
1219260596799070210
1219404876888911872
1219318185016594434
1219138021683007489
1219162537582829568
1219485159650709504
1219175096910147585
1219450160180342784
1219383627131293702
1219271613478129665
1219393830035841024
1219353221233332226
1219474822243278849
1219344394903523328
1219466057943068672
1219335226838716417
1219241746242199553
1219230538671759361
1219489750043824128
1219461085213986826
1219482949411885056
1219483989209161729
1219221054943629312
1219464246972624896
1219244540856545280
1219349767869743104
1219279198310883335
1219489407645908993
1219469581158318080
1219481796469055488
1219341322550558720
1219202043547512833
1219148821567037440
1219264238667079680
1219155824435744770
1219137953743675392
1219382757337501696
1219352955494764546
1219357714616406017
1219225095270543361
1219487751646695424
1219236795361234945
1219273393872216065
1219332709299912705
1219372851578507264
1219326662967529472
1219246461441003520
1219268072764252160
1219297852213661696
1219328426601066505
1219295490837295104
1219184719583219712
1219358018778910728
1219336315814191104
1219327221942423558
1219347365376606208
1219315855277940739
1219374748637040645
1219484854070411266
1219342796873719817
1219305053489594368
1219303513219649538
1219446595768455168
1219404269616582665
1219286626238640129
1219350193281425408
1219331768337227776
1219216046005063685
1219138385731883008
1219454100036866050
1219383006349135873
1219388572484227076
1219266832189808641
1219405497511620608
1219374125950611457
1219340946216751104
1219311153505021952
1219275528789798912
1219318190355947520
1219205126331813888
1219368163994828801
1219290432049483777
1219296516344598529
1219317728265281536
1219235212451811328
1219153497809149952
1219147883724886016
1219353871119790083
1219353066044043265
1219496116502310912
1219333124041203712
1219339605293641728
1219350369198845953
1219406780272463873
1219349328260628480
1219177062092681216
1219440414345834496
1219277418659270657
1219195735134089216
1219442019040256002
1219344705101668352
1219320887276711936
1219332648038010881
1219185707484270593
1219228394795290624
1219331681548632065
1219206543230545921
1219329971430330368
1219491045358080005
1219200778621083648
1219309882014359559
1219466328257572865
1219286647558361088
1219340491600408576
1219478424093368320
1219300891603456003
1219337506476433408
1219307827040260097
1219450039212351493
1219354194701766656
1219421535842316294
1219291007390572544
1219258300283465728
1219154951735316481
1219302680809570305
1219186369848905728
1219278830386450432
1219289655411191809
1219333699394834433
1219356327799087109
1219466669854162949
1219315130137300995
1219300701291061250
1219374120108011523
1219272459591000066
1219287418647564289
1219323694255890432
1219462417006170113
1219332728593756160
1219432674609319939
1219463264217726978
1219137773506088960
1219336342255153160
1219145258442903552
1219296763863076866
1219328595316953088
1219162151245447170
1219362063950254086
1219267435456606211
1219233837819011073
1219439991329296385
1219372330998059010
1219337558657769472
1219490049450037248
1219301596196155394
1219239535990755330
1219374811270479878
1219343564368502784
1219194897279934464
1219216092012457986
1219276266966331392
1219310433154355205
1219287927844474880
1219180652794466309
1219310068598001665
1219267845793730560
1219318307809120256
1219419562946519041
1219337384388591616
1219273972568743937
1219403263268749312
1219339653356179457
1219467440389648384
1219325378470215681
1219327420098064384
1219337044985548805
1219378639537610754
1219333477671280640
1219156014592921600
1219411562831777792
1219356210966728710
1219316642376749056
1219400472437518336
1219460629951655936
1219330616354885637
1219233890877038592
1219322082355482626
1219436299100262401
1219333842097577985
1219484413538553856
1219188344883683328
1219296464775667712
1219416044286115841
1219327829868974080
1219147445902376961
1219194930591084544
1219322834654244865
1219154778795790336
1219334137208807426
1219322654055976961
1219477226384699394
1219335477989384194
1219337645764927488
1219379907337256960
1219332549786382341
1219148869617012736
1219462553274912768
1219321987887181824
1219403746133803008
1219312439575162880
1219341551022804993
1219183149059657728
1219302441587544074
1219142314452537345
1219291861325701120
1219350816110321665
1219284545331175424
1219309013420167174
1219333163673161729
1219143720227999744
1219141538934116352
1219357312999198726
1219295823588139008
1219482608649805824
1219347204810461186
1219329807089094656
1219195679500898304
1219455495871725569
1219354820039073798
1219328387627601925
1219310903377780745
1219474888743903233
1219358949339803650
1219244697509601280
1219376609045745664
1219400968640569344
1219393860956315648
1219239798210203649
1219287491540373504
1219381916950061057
1219209715864961024
1219249385382518784
1219236748405944320
1219423270132506627
1219353669486944257
1219354059129442304
1219492196967243776
1219350577743908867
1219206354994372609
1219406223260311552
1219466992903770112
1219323900963762176
1219291078374887425
1219142884328341504
1219467552604262401
1219484655864467462
1219475906173001728
1219374200756097024
1219470483504148480
1219354457441472513
1219321528883515392
1219240615701045248
1219414637801824261
1219294115604652034
1219316359890460672
1219353947388948481
1219337327539118085
1219351021660581890
1219219060195500037
1219344083673649159
1219351918272811009
1219247583153049600
1219420914036756481
1219159231720513536
1219348877800804354
1219196821068828672
1219485247533998081
1219394098328719361
1219182834000302081
1219366533224456192
1219173660939956229
1219362223648206848
1219255244921757696
1219341564947902464
1219315878430494720
1219180970382962689
1219298745210298369
1219340575796678656
1219486647127068673
1219373114313924615
1219141006743998464
1219313692732465152
1219328543353638920
1219345148590555141
1219333991993573381
1219392416098242561
1219473620705124352
1219349915673026560
1219347578531262467
1219340647519395841
1219340322976796672
1219198085554954241
1219411429813448706
1219147341107732480
1219401577385156608
1219205985023266816
1219356317384658946
1219149686004690944
1219343074700165122
1219359549070680065
1219458493272543237
1219211945854873601
1219482343330795521
1219333812578062336
1219191222805331968
1219171258539089920
1219205792924078082
1219315589610647558
1219322106065956865
1219346938660827136
1219340955654008832
1219296161749721088
1219353961339199488
1219381772355375105
1219471716868665344
1219248336873623554
1219394431691956227
1219347525439717376
1219324982771232771
1219333137886478337
1219328329452421120
1219192394853310467
1219168245112037377
1219492488618106880
1219357320347619330
1219377805676437504
1219259647976255491
1219329998248497154
1219410968851243008
1219306175101128709
1219477368210907136
1219228790074806272
1219349117358485506
1219499503776075778
1219155540338708481
1219301888446881792
1219180121405493248
1219205211316768768
1219364574178291712
1219362037509378049
1219327232285532161
1219410673001730050
1219374035080970242
1219345522449952768
1219332586574700544
1219352659259465734
1219233752355831808
1219473964071821312
1219497301682638848
1219323540685705217
1219323837214535680
1219297718922895360
1219280028728549376
1219482308023066624
1219453098260934656
1219258230024654848
1219158689044738053
1219246329907634181
1219311123549294604
1219341529313161216
1219487445093376002
1219399059829657601
1219319577215152128
1219487469361672193
1219155867049844737
1219179957043240960
1219263797204000768
1219411826431217664
1219240420313653249
1219207387455926272
1219459895105183745
1219197878637334530
1219170612041658369
1219452821298302976
1219355171236515841
1219297639503728640
1219483116361793536
1219148271161167872
1219474464305446912
1219465021748543488
1219201920327393280
1219397007250481154
1219195559837405184
1219168461341057024
1219415483205603328
1219247570037485568
1219188021200916480
1219335289090510848
1219460266779381760
1219304307578765312
1219495133881782272
1219296187712442370
1219222517346455553
1219495472924123136
1219438440070164480
1219220339013685250
1219158358185447424
1219455466650193920
1219202244211617792
1219314741614710786
1219446506199097345
1219302052393816064
1219459153971896321
1219278981326831618
1219337786748174336
1219271181074948101
1219343025744289792
1219148611919011841
1219369166936977409
1219463367708102657
1219377853961326594
1219368263144169472
1219191702218559489
1219396393707692038
1219240288876670976
1219236382423560192
1219304059536134145
1219310838466732033
1219234764235988992
1219475436696154112
1219345430456291333
1219262614343233542
1219258230704148481
1219298540620591104
1219140449732120577
1219400852751908867
1219295159684411392
1219319797055479808
1219378553021771776
1219333539008864257
1219469701668933633
1219303383754035201
1219373649125355525
1219329301977485312
1219288477998575618
1219480532112855040
1219154490626117633
1219137557017104384
1219349004292673536
1219336863347101696
1219404104331493376
1219323948237803525
1219161193723695105
1219414818928590849
1219356336955252737
1219174870224904192
1219333879397527553
1219285811864182784
1219349414680186880
1219273054410485761
1219328702707912710
1219205939426971649
1219352320984698881
1219335446553092096
1219358226346577921
1219334491598196739
1219365197086892034
1219358980511797252
1219300736493854720
1219191199577362432
1219298086104838151
1219380402873413632
1219155842563477504
1219423512051535873
1219339479284056064
1219147745077923840
1219323238070792194
1219443259258417154
1219172586195759105
1219317304334454784
1219320640005660673
1219319494142840835
1219329131386679302
1219308607038263297
1219438720581013505
1219416565239754753
1219336029280374785
1219242278058852352
1219154394253602817
1219291032321511425
1219491555641298944
1219281041569013761
1219480384406204423
1219393933089955844
1219153651069018112
1219414555190874112
1219158702541938689
1219367526187974656
1219391055872823297
1219331463067381763
1219347576023142400
1219182412137226246
1219438249992687617
1219369255755558912
1219350455731531776
1219333154181406723
1219142811385090048
1219485229326512128
1219231967138459648
1219287865898733568
1219181663722385410
1219387631534006273
1219335016142049282
1219391248966000644
1219366303057596416
1219407077749264386
1219152627352702976
1219474999062466560
1219278897042403328
1219167218635886592
1219366006717591552
1219216831887630338
1219148927351607313
1219317411335364613
1219282212060909568
1219304817170046978
1219166077063659521
1219318182105767942
1219301777050390528
1219195218496573441
1219377897816907776
1219280925793640450
1219325276490018816
1219298255999205377
1219261936518533122
1219311878641528833
1219208604986814466
1219436275490590721
1219489017844191237
1219210783877488640
1219476172662362115
1219460482668662785
1219383182816169984
1219403319904538625
1219427885146165249
1219245756391088133
1219373427712282624
1219339296722837506
1219336790290681856
1219196601853452288
1219198558638919681
1219174741291855873
1219493481183436801
1219371837995593728
1219420753411616769
1219459194933432320
1219325084013338624
1219367695625478144
1219382205866283009
1219316972678197248
1219282419901136896
1219151075862814721
1219461838930432000
1219313384778293249
1219337478299160577
1219148823425167366
1219356434477080578
1219279439307116549
1219422249905721344
1219233879770517504
1219204499614633984
1219312809005256704
1219180852967542784
1219300658714681344
1219148778227322880
1219234345615085569
1219163696838082560
1219256105198673921
1219234838525435904
1219325643168583680
1219234202547376129
1219257131456761857
1219223203236786178
1219307907495485442
1219199777428004864
1219391519418986498
1219187344324157441
1219329164433555461
1219320534963490816
1219440168458948608
1219332276221358086
1219329498790998020
1219347972116357121
1219216773859434496
1219255251330576384
1219314866747473922
1219467668119572482
1219335514932895744
1219313419758788610
1219307349124493317
1219403597777186816
1219440063630729216
1219462371535720448
1219491836433055744
1219235772349526017
1219431326396375040
1219384353752567810
1219355480516169729
1219159711259484161
1219352630448869382
1219171886007037953
1219359775047278593
1219368225772900352
1219412076420042752
1219492611217674240
1219302212507197441
1219183905749729280
1219475154088136704
1219482675699826688
1219316001587769344
1219323280089284608
1219486846222290947
1219324750507409409
1219362298243973121
1219147170701545474
1219393171727228930
1219395493912072193
1219348145399914496
1219144936588828673
1219430810203361280
1219399094042386432
1219307979809394689
1219315910630084609
1219284542806282246
1219195699495043073
1219472904821321730
1219253632832503815
1219149902418194433
1219302727752257536
1219402709746495489
1219355473142566912
1219350345266159627
1219271761025544197
1219269342933782528
1219467991894675458
1219384924156977163
1219194937729781762
1219457279138975746
1219331715338031105
1219359208979693568
1219489578014384128
1219325238720258059
1219484419053977600
1219494337693786112
1219257944740679680
1219338834791583747
1219420763180208129
1219205475184578561
1219369062905585668
1219275082608140289
1219431925984759810
1219393899594231808
1219203352657088513
1219429127142412288
1219348891470106626
1219340748241412096
1219172585298104320
1219477631453798401
1219351949000282112
1219323379594952704
1219215649723035648
1219393403542261765
1219324260331606017
1219300510706077697
1219393970654130177
1219381306586550277
1219352395316125696
1219248896318283781
1219339555700137984
1219473903942324224
1219372176157134848
1219308189038063621
1219331012410388482
1219403881773326336
1219497692742782977
1219234014013394944
1219496357767131136
1219148136431726595
1219328915744923648
1219335316491948032
1219179421137022977
1219329910919061505
1219142292461838337
1219438308457054208
1219407638443757569
1219321898376531969
1219314361220706304
1219356166200926209
1219346666672873473
1219325751566262272
1219338071491170304
1219313029399052288
1219231822850273280
1219480047855316992
1219329935493554176
1219460285825781760
1219332000269701121
1219353763129020418
1219321976550035457
1219328206521716737
1219141269487865856
1219498448732422144
1219339809904373761
1219458579243118592
1219499490807123968
1219482034613182469
1219438699282345984
1219384159984062469
1219329541241561090
1219225495688171520
1219320447134814208
1219265249431511041
1219197517411291136
1219141942791102471
1219261559391780864
1219270876597641216
1219327674092523522
1219322988518170626
1219141681469181952
1219249712370540544
1219332616173883392
1219424782107709440
1219417895593267200
1219299507994812420
1219321597934346245
1219346797216309251
1219485101622472704
1219370517871910912
1219168138434097152
1219297256853135360
1219322711287136256
1219229997820452864
1219300399238217729
1219460806749892608
1219498256415232000
1219303575504990209
1219391271246225408
1219210899799584768
1219238425276055558
1219247109360275456
1219493140165468161
1219162521292214273
1219461610932260864
1219357074045444097
1219300627723014144
1219320997888905216
1219245970015297536
1219311140792098819
1219146798918520832
1219179780865712129
1219178543709675521
1219463982735642624
1219292071376433152
1219215019897970688
1219271231679188994
1219403330620968966
1219332501648351233
1219339314796077058
1219322606526005248
1219446750643216384
1219200396989804544
1219312717934268417
1219189123136794626
1219288813589143552
1219328046261506052
1219390550383759360
1219286495967809536
1219333962671312896
1219315751158460417
1219319163795189764
1219457467567837184
1219233925974892548
1219379494022254592
1219253328468762625
1219330057786839045
1219148724007514112
1219481598019735552
1219246682996727808
1219422478868586498
1219153499218497536
1219188661234864128
1219320699015266304
1219338878177501191
1219475742901272579
1219264519576473605
1219358465090637824
1219344546858926081
1219264992576462849
1219456845863014403
1219385110950268929
1219463007601938437
1219332479808626691
1219252479252140032
1219168226111823877
1219379035790290947
1219403404914692096
1219473844047699970
1219236574296203264
1219290562903400448
1219331657389527041
1219339664206761989
1219149316432039937
1219332565322158080
1219325855119347718
1219340484663029762
1219320612029714434
1219246180191940608
1219318612357459969
1219363465275564032
1219388288500404224
1219332580165718017
1219253753842409472
1219406364231065600
1219403102438207489
1219479332969689088
1219274723735101441
1219420627066675200
1219491685522165760
1219460671554846720
1219474094284066816
1219458442253033475
1219209806474612736
1219357150016933888
1219472401945128960
1219302488140107777
1219459214617214976
1219232468412305409
1219313468240814081
1219225876950331392
1219309894291070978
1219341615485063169
1219334458182115329
1219157285781590016
1219344031257387009
1219239414775341056
1219364281587785728
1219178818050633729
1219221048211771392
1219489239274020864
1219149330029907968
1219305918904651776
1219378993792765953
1219433567421452288
1219344898505236481
1219193172435357696
1219299312234123266
1219392030134153222
1219347350440882176
1219340838766952448
1219323264373346305
1219291235803856896
1219367527920361476
1219322985548517376
1219258278573592578
1219359701084692482
1219328010312134663
1219360343044083713
1219329049224413184
1219440338575790080
1219334152216088577
1219347471056490499
1219254620419170307
1219432875411615749
1219208932318752768
1219229828374761472
1219321068680359937
1219247576685469697
1219365475899056128
1219151395057807360
1219483154257457152
1219311982232440833
1219223135922331648
1219465394227961858
1219333269939986432
1219178670364884992
1219323899055431682
1219340586999865346
1219308634317959168
1219348874684510208
1219351916418863104
1219216815185854466
1219479463630725121
1219358062617747456
1219337603746607106
1219194386329849856
1219281628868042752
1219370786739441664
1219343696904249350
1219410694220734466
1219486498300596224
1219485127400730625
1219299204390117377
1219312378443194370
1219225672037687297
1219155493933002752
1219471756706054147
1219344322233020416
1219163642836475905
1219291280980807683
1219182411029917696
1219327472531013633
1219318197859573760
1219311657610104833
1219331905373511680
1219164246010990592
1219366726766383110
1219431913984864256
1219331360038576128
1219481219123032065
1219488212365783042
1219440883004858368
1219252682709446657
1219329338610536448
1219326756219424776
1219298112067588096
1219351491204567040
1219342072324509696
1219352524362305536
1219332404034375684
1219479095676936192
1219426227636838400
1219160632035028992
1219373223277735936
1219201884659093505
1219202931389583361
1219319443890876417
1219360427441868800
1219291337608044548
1219355915016601600
1219469608744292353
1219248777841860608
1219318022042800128
1219265929038700545
1219355919240384512
1219395938218921984
1219463103286562818
1219168654551592960
1219381858527596544
1219415777037766656
1219324495791521792
1219142720188567552
1219311917598216192
1219484075788062720
1219445760791474176
1219321233344516098
1219332415107346432
1219450793884971008
1219160433426341889
1219271227451346947
1219464695477866496
1219442060090118145
1219188238323212290
1219422845316599808
1219476470801817600
1219304779664502786
1219384221694820354
1219187472099368960
1219325630099214336
1219349902951452673
1219413076539256834
1219290245683929088
1219460022813581312
1219327263549935617
1219320299717566464
1219164908224483328
1219461113655545858
1219315043747213312
1219304436771819520
1219483017460310017
1219412050159505409
1219309636664381442
1219423852771581953
1219282284827889664
1219300704810086401
1219495099920535553
1219269602460471296
1219156684381347840
1219369771550093312
1219358943937470464
1219234864521719809
1219320500125683712
1219348979286188032
1219337269452165122
1219251333477343232
1219327148609150977
1219274343060070401
1219426411720646656
1219315288765804545
1219193083218350080
1219338102621327367
1219201721655754753
1219281716331864064
1219488552377032705
1219371600946044928
1219326549469646853
1219384202921172995
1219208831936466945
1219411219037216769
1219324736695689217
1219322559059177473
1219164572793352192
1219174642302275589
1219142889772548096
1219308894490677249
1219324343446048770
1219252865161625601
1219416737571098624
1219463283754684422
1219205487893405698
1219491163813634050
1219149438725345281
1219312266325233664
1219332359381712897
1219355580239794176
1219209655706058752
1219340758697771008
1219418522503327750
1219482114493763584
1219353505569366023
1219325771883384832
1219344515628183552
1219329966065713153
1219491965521342464
1219201725778878465
1219298765087150082
1219362205692518400
1219365389962039297
1219165781906333696
1219481619041521664
1219327154091167744
1219402459115859968
1219293107600199680
1219303351453659136
1219401635320995841
1219448961032949761
1219332681688895488
1219316377749725189
1219206609660006401
1219169089521954816
1219347277615108098
1219331586522599425
1219235518061404163
1219231544038100995
1219327805831467008
1219325578626551808
1219356103689101312
1219338485305368581
1219320077843140610
1219340836829196288
1219486729180237824
1219232710570467328
1219291490838556672
1219236742466809857
1219496737070624768
1219179900248215552
1219169917792112640
1219288637721980929
1219188901358833665
1219329468457721856
1219182281161682945
1219473358678626304
1219403991056076807
1219185944206725120
1219457955722153989
1219326451226308608
1219362699932467202
1219475779031064577
1219322203801628672
1219212790428250112
1219335932559724544
1219233519962132480
1219319943851905026
1219454505273692161
1219338279826403328
1219334798478643201
1219321318560215042
1219181105674424320
1219207862800605184
1219420375190327297
1219234370835427328
1219289433855397889
1219426195579842561
1219385151991484417
1219466544499044353
1219240514442141696
1219194062420545536
1219162087148204032
1219330212082651136
1219229115707867136
1219292415984635904
1219343783533465601
1219456796672307201
1219252693568499714
1219345149853081603
1219322623273861120
1219485821444685824
1219362701467455488
1219334465136230402
1219444815005224961
1219325923327127552
1219491394978484224
1219461597283987456
1219346140627374081
1219385029907898369
1219355603203698691
1219180941425414145
1219161672767721473
1219485752293318656
1219315336769609729
1219282761355317248
1219332099146223616
1219268356102131712
1219154341766082560
1219230947242958849
1219335761079799808
1219184140140056582
1219143661469958145
1219153816412741632
1219309701764198400
1219170768141025280
1219495731410751489
1219344654216376320
1219239589254238211
1219361438319464450
1219212469304012802
1219240517071986689
1219284554013454344
1219379072985391104
1219330193233412096
1219493947065749504
1219368282844729344
1219230077826883584
1219213011509891072
1219420859770843137
1219336158322339840
1219308905811058688
1219180364142469122
1219333515910754310
1219147984383901696
1219142526118105088
1219184675521888257
1219235068964634625
1219353995858317313
1219458247574401025
1219165324177702912
1219295500073041923
1219418534410891264
1219456141949853698
1219467597365809153
1219462604537638912
1219282481209364482
1219315964866715648
1219436063179059202
1219327664026279938
1219464720836636674
1219400535754887168
1219185332463243265
1219253033202323457
1219340609972031488
1219499359961636864
1219386731960643585
1219278928218480640
1219176117971476480
1219209183632949248
1219466911978749952
1219332959674740738
1219470625166761984
1219329548971651072
1219367396080869376
1219208252644372480
1219498156636983296
1219456698865397761
1219149755907035137
1219348609210224642
1219251076450439170
1219337291535147008
1219264355554004993
1219204491440021505
1219341306293637120
1219236976156643328
1219328157964210177
1219333707116482560
1219461861911023616
1219336849203912704
1219311966751219712
1219336758992818187
1219148240681144320
1219399995419496448
1219317845856747521
1219357946401787905
1219493462430625792
1219456715046957056
1219152654636634113
1219355988660232193
1219314000342798337
1219215904229273600
1219323675738066945
1219474202241138688
1219491775229898752
1219498437739188224
1219228633706967040
1219289677724819457
1219268041558700035
1219233027173294087
1219338715635556353
1219179763048370176
1219190092620861441
1219499331801305088
1219291991592357888
1219218403988250627
1219219864944107521
1219333853350895617
1219413299357528067
1219422753108959232
1219362782950383616
1219339887092125696
1219456225470971904
1219322917571440651
1219235334359322624
1219280464042774528
1219263701817184266
1219358867315970050
1219337629742878720
1219488957555257344
1219303486405345280
1219186146053361665
1219468246992281600
1219393539144126465
1219277193903333376
1219185581185478657
1219284502528303109
1219359153673723907
1219421903200432130
1219355304959381510
1219415388980760576
1219324522567999490
1219349176624066564
1219293239682961408
1219341691729203201
1219334111753580545
1219327704258039808
1219240061956493313
1219369481195180033
1219203363948191744
1219370191114534912
1219362686900883457
1219316528048492545
1219427158264860674
1219261404143915009
1219368964498841601
1219313543364993024
1219491548641079296
1219482957922041858
1219295069049708544
1219266754960150530
1219178176317779969
1219200808639782912
1219325861968654337
1219327343849877505
1219478219776253957
1219333420456775683
1219457987812691970
1219317811325161472
1219362352606388224
1219485239879307265
1219339956298113024
1219316536437084160
1219332795903938566
1219246125934399490
1219304887613296640
1219279857114218497
1219359302412046338
1219489209511223296
1219476950777049094
1219211739155353600
1219320462477594625
1219469098645630976
1219329077494063109
1219499699138387969
1219336521880350722
1219261445134864384
1219266813323874304
1219193686728302594
1219202045112201216
1219374028932231170
1219313765511913472
1219465717692731392
1219333414333100038
1219359465109184515
1219474970050551809
1219215279961624576
1219160765359362048
1219340235156402178
1219334603380531201
1219499401690959873
1219497802688081922
1219155837391921152
1219450862285852672
1219183400986300419
1219194102631165952
1219312998805843969
1219349066401964035
1219277393988407296
1219343201070395394
1219479917030772736
1219322330641502211
1219486103033597952
1219231812502933504
1219220560024162304
1219322290908942336
1219258495326982144
1219362782061133826
1219423218437627905
1219327667561992193
1219268869312995328
1219315720711999488
1219321926616743939
1219316670499643393
1219246147971297281
1219354406698663936
1219498350531219456
1219396998853427200
1219149292629385221
1219300148427313152
1219333895159787520
1219312437314359297
1219244120486617090
1219192282106269697
1219246347846549505
1219186582009339905
1219482972233093120
1219179755574046720
1219233077706268682
1219222457233690624
1219333449779240960
1219238919025369090
1219379600180105221
1219278774216331266
1219156159543812096
1219490662074155008
1219185300582424576
1219340832773373953
1219420848878161922
1219168067600646145
1219483798317993985
1219318646666924035
1219251127159607296
1219165556949114880
1219350595011850240
1219301581310525441
1219453698390347776
1219256167207198720
1219359079178653696
1219329146742018048
1219331237011230723
1219319048527171585
1219317356511580160
1219473607321096192
1219209495718526976
1219475267183415296
1219339697740308480
1219438330552758273
1219174506134233088
1219270877939789825
1219212840566841344
1219163057600987137
1219464229528461315
1219334824093196288
1219386889200984065
1219468854428098562
1219313225331769344
1219404631337512963
1219179521271914498
1219400314027114499
1219303601400508416
1219361597136809990
1219168515892088832
1219187657848369152
1219299922622795776
1219345384633442310
1219143580385730560
1219322996235612161
1219404218462810114
1219321053966630913
1219382210274394112
1219383288890118144
1219463265065013249
1219343360886001670
1219331585511763968
1219316621988286464
1219341142568919040
1219411440706162693
1219326179817160707
1219369397808246784
1219419354271559680
1219193059419852800
1219329281454755842
1219152228151451648
1219211409642467329
1219471214839783424
1219486981891207168
1219278830495584256
1219435533224546304
1219442043375837184
1219320153994862593
1219276503898370048
1219322733294768131
1219311256294842374
1219373920152969216
1219340536869421056
1219404242227777536
1219147664987762688
1219334666551013381
1219418949080711170
1219332687942553601
1219264639147675649
1219173555323252736
1219433162020999168
1219476357291429888
1219157743015276544
1219408817072615430
1219396342713184258
1219411020126605312
1219318936170352641
1219214305628971008
1219210704340897793
1219228057749409794
1219306114774224896
1219477491972288522
1219370835137396736
1219455248261111808
1219257591118753793
1219479474057760768
1219489323344695297
1219157253846175745
1219363484187734016
1219307753153409028
1219359323371003909
1219311157607108608
1219247319218118658
1219412265373446146
1219380781073805313
1219462949556957184
1219311068050268160
1219413398502420491
1219209433668112384
1219484791579586566
1219461833993662464
1219362460014120960
1219416102918291457
1219312655384510465
1219366259600523264
1219477390289776641
1219323810102611968
1219293467215527937
1219311937508585472
1219331877896622080
1219463170194100231
1219493726751424512
1219271471400398849
1219220270004744193
1219341597990686722
1219299777961172993
1219468587490037761
1219263100307890176
1219175711904337920
1219331278941630464
1219239330457276417
1219333644755636225
1219499200771248128
1219485527860301824
1219314558835331074
1219345334691864577
1219317301176160262
1219327070779662336
1219332932889972736
1219363273625100288
1219384434912374789
1219361815500640261
1219258501039644673
1219348270511583232
1219338072204156930
1219313552810479616
1219170816967041024
1219277564230893568
1219304027625836549
1219273741978554369
1219143489759346689
1219402249111326720
1219333777006133248
1219489439149383680
1219279867931516928
1219276799110189058
1219433441961369601
1219354044369645570
1219466918547030018
1219202171138277376
1219203737207615488
1219340740897189892
1219332655512158215
1219377995317743617
1219331663978729472
1219330992034525186
1219188953443635202
1219338761672298502
1219395756307701762
1219219415885139969
1219356145544024066
1219471722992279552
1219217464384458752
1219339943593619457
1219156225658585089
1219156811124748289
1219213759945809922
1219346327559122944
1219160435729010693
1219198102533558273
1219354270803419137
1219399630305161216
1219213738819178496
1219218449358114816
1219347758299131908
1219457212369657856
1219152788967563264
1219355795835494401
1219335038854103042
1219354105937907713
1219485604553068545
1219457533724778496
1219443759714357249
1219330575116525568
1219464289477701633
1219285040770752512
1219365151528361993
1219307243860111361
1219321129170538498
1219390357584084994
1219292042406322176
1219297866537144320
1219261809909256192
1219492331705065473
1219328551800987648
1219317818371518464
1219357703979569152
1219345206937554945
1219179747726458880
1219322944511447047
1219230966704562176
1219271158706601984
1219364686614990850
1219358792871219202
1219383174167437318
1219497949102837762
1219462217403437056
1219321178348834822
1219385336981262336
1219385633409589250
1219336803389509632
1219387171758657539
1219353918691598341
1219360300249624581
1219356900623572992
1219278613910052864
1219450417274376194
1219228235516534784
1219359934862839808
1219342832474955776
1219414075039473669
1219182802115203072
1219235078502600710
1219489226707865601
1219305870250729473
1219476334243721216
1219281912398782464
1219265977747230721
1219351150136262657
1219212977481691136
1219193417273683968
1219331418863611910
1219453246122668038
1219163113041354752
1219249214833811456
1219316343222276096
1219319272410963973
1219152035444072448
1219490868136239105
1219281624052965376
1219390657065865219
1219325362234187782
1219344311776661504
1219314098023825409
1219179587692847104
1219150571044835328
1219292287936745473
1219281838755262465
1219317368263974913
1219187821174493184
1219224279985917952
1219286841137991682
1219236938286235648
1219392734315909123
1219355156799795200
1219401004292214789
1219336923438813189
1219365641087541248
1219403158755119105
1219284981698252800
1219201279164964864
1219308052844859392
1219354014619443202
1219361673393426439
1219380092494929921
1219152822861803520
1219481681943506944
1219281008010330113
1219354199546265602
1219489421277515777
1219270858385920000
1219145012702785537
1219466372339638272
1219179440879677441
1219365896403197953
1219216690984165376
1219379561076609026
1219286915830206464
1219355943676317697
1219342904696692736
1219343729359839237
1219342537959276546
1219276094475526147
1219298042408505344
1219346807001579520
1219294298837082115
1219354122199162885
1219481560421937159
1219469758090838017
1219295188289495040
1219380064892194821
1219393593741324289
1219323686114734081
1219276009981259777
1219370033979195392
1219291479845351425
1219275833367564291
1219172339226763271
1219247850191761413
1219186220183556097
1219278050136936450
1219255569858662405
1219308166338568192
1219266495034920960
1219227078018654208
1219235811444580354
1219309510134763521
1219214814515515392
1219250863564296195
1219479501513666560
1219255954811781123
1219225998669090816
1219301482056552448
1219287025943269377
1219218895724318722
1219153510455005186
1219342453209255939
1219359169062621186
1219291286835953670
1219169069393498112
1219490954538889216
1219260947275091969
1219141004617568256
1219397442485018624
1219278285860933633
1219318674844086272
1219261635467964416
1219144427677147136
1219249212396843009
1219323225525628940
1219486067763662848
1219335675587244036
1219367829268463621
1219341477035356160
1219339067671957504
1219355869969813505
1219161483000471554
1219211200099241984
1219432837755084800
1219329006224527360
1219333113714749440
1219236396684259329
1219155699357405184
1219326887270526977
1219256788140380160
1219496849930948608
1219177489701965824
1219146929994596352
1219311280261074944
1219338623478378496
1219344586033725442
1219285462482853888
1219270638373953536
1219181341679456257
1219186495875141632
1219322409498632198
1219154325165002752
1219191270456938496
1219361191048425473
1219260869227569154
1219363979581108224
1219351052455239680
1219158253818580993
1219342510503403520
1219211685363363840
1219261082583420934
1219431833395326976
1219439933884112899
1219356502407962624
1219180725263532034
1219245314441388032
1219356272149045253
1219288605077770241
1219186061215182855
1219185793069125634
1219316701340278784
1219211424968466432
1219239988077920257
1219261095061356544
1219326446415556612
1219277588222431238
1219211228490469376
1219291487650951170
1219190366127173632
1219245289971863552
1219219593698402306
1219229856212250624
1219277376275787778
1219185323952963584
1219274036032757763
1219261049330946050
1219286502401871872
1219337241782378497
1219361213915828224
1219167963934285824
1219258052634955776
1219209756918853633
1219348136705040385
1219214991661858817
1219367062226788355
1219280731849068548
1219261054338945026
1219254584675373056
1219352132899475457
1219244498812882950
1219352732940873731
1219140057975721984
1219479819827785728
1219175038991118337
1219241851816960007
1219357382150696960
1219309360846864384
1219380053521334273
1219161288368107525
1219341344629497856
1219283638019416065
1219291514259542019
1219290255892680704
1219358047585423360
1219211314561736704
1219498305224433664
1219310979332419585
1219259364369977345
1219192028086534145
1219370527791484934
1219260906670055424
1219290948863250433
1219231275891990528
1219161896756088832
1219276081863233536
1219260882376626176
1219265754710839298
1219337024316100608
1219355110414979072
1219298472152780800
1219415091403218944
1219221111956758528
1219220732129042432
1219172101287968768
1219473194391932929
1219348829469802497
1219353934579556359
1219189944264077312
1219388904127811585
1219259497920782338
1219260863342874624
1219264947860971520
1219215664663138306
1219437465590779905
1219272513357844482
1219181794500796417
1219163159874998272
1219297751307116544
1219342024945668097
1219352364060160001
1219173273767960576
1219310076881776642
1219187243304308737
1219394258001702913
1219302549095882753
1219186376735907840
1219146728391225344
1219271929867259904
1219289476092047360
1219164821716979712
1219233463498395651
1219280591901904899
1219151255970418688
1219267131235323905
1219227230963933184
1219310845353775104
1219266958006329347
1219276322779881472
1219261038891339779
1219493192766234624
1219203919689191431
1219184539869773824
1219228933490663425
1219170476800532481
1219239652881850374
1219295803484839936
1219277113355898880
1219349279829057536
1219192770549768193
1219368306148282368
1219218759161974785
1219354328131100673
1219239347645558784
1219191335493754880
1219227977571086336
1219163073946292226
1219303905542189057
1219194883052883969
1219144244788637697
1219181081494159360
1219354265304621057
1219146117625131008
1219172923048591360
1219166720373510145
1219190491847319552
1219487144584065025
1219149594325671936
1219158275645747200
1219229790462455810
1219243358197075969
1219347799738933248
1219246824864854017
1219208400590032896
1219290738019700736
1219362115536015361
1219332922739695616
1219354426118459392
1219142072764182528
1219357048443494401
1219213713330319360
1219190895142031360
1219186954409062400
1219260969874075648
1219269147495948289
1219143484424249346
1219155887056719873
1219354305544826881
1219150602535677952
1219218659316510721
1219495583544684545
1219191453651546112
1219231326953443328
1219301313302888449
1219473118407860224
1219295824179613696
1219355661542313990
1219235284006703104
1219216101424488449
1219190510411296768
1219314410491187202
1219342442639646721
1219338067900796928
1219370425546936330
1219193467873693698
1219228329762611202
1219351521114173441
1219363434615267329
1219457768568041472
1219174108560338945
1219356953354362882
1219209126267490304
1219259849302847488
1219261148450652165
1219276174502907905
1219400529576677377
1219400832279547905
1219461027873599490
1219363441774862336
1219379017931001856
1219311982232440833
1219228606032904192
1219332451509702656
1219203915612401669
1219339608082866176
1219253861463945217
1219267435456606211
1219358997565886464
1219265669595664384
1219483049844510723
1219365950232899590
1219462301134344192
1219331335552143360
1219331168937660417
1219420627066675200
1219329164433555461
1219402811185750016
1219291638553632768
1219433322910224385
1219481794392809472
1219197878637334530
1219324379642957825
1219456225470971904
1219485056110137344
1219251076450439170
1219395100922589185
1219478884099534849
1219430568087126018
1219141006743998464
1219496116502310912
1219351918272811009
1219334296160194561
1219468639868456960
1219332565322158080
1219242206877437953
1219260963049766914
1219223668582121478
1219154341766082560
1219459211949723649
1219482175311163392
1219452440510173184
1219376742667780103
1219386327596195842
1219219833944002560
1219155867049844737
1219223006448320513
1219387347407720449
1219171532796198912
1219414075039473669
1219460426083328001
1219313225331769344
1219295823588139008
1219282982642556928
1219233837819011073
1219145810543284224
1219482608649805824
1219412051149434880
1219158470953447424
1219402023545835521
1219461907909877760
1219306771082371072
1219263943669092353
1219380854469861380
1219236992099201024
1219377547215089664
1219307827040260097
1219369723424579584
1219142292461838337
1219234764235988992
1219241624963887104
1219233183838953472
1219387582565490689
1219268356102131712
1219404310007689216
1219290850053836801
1219462948101468162
1219470562751369216
1219279593607221254
1219268484200267776
1219353669486944257
1219179893843357697
1219371674992365568
1219330925072474112
1219183905749729280
1219483798317993985
1219343745742778369
1219210888898662406
1219382862442614784
1219359934862839808
1219403330620968966
1219395363582423042
1219232108155219968
1219321914499510272
1219327070779662336
1219383182816169984
1219286964874153984
1219308722138353664
1219239535990755330
1219394042880036866
1219204499614633984
1219161579457064960
1219450793884971008
1219408030925840384
1219238786292424706
1219467735089893376
1219147664987762688
1219311123549294604
1219487358309031936
1219333554339033091
1219394680158400513
1219308607038263297
1219219524043538432
1219353859749040129
1219297256853135360
1219312439575162880
1219462712905826304
1219367568919728129
1219235068964634625
1219307753153409028
1219201725778878465
1219325751566262272
1219194102631165952
1219380610243973120
1219311878641528833
1219194439396134912
1219386566487027712
1219382837184552962
1219225605587316737
1219318107891732480
1219329998248497154
1219218358501019648
1219482429343191040
1219219286344060929
1219361106231283719
1219358834122248193
1219315402011889664
1219284545331175424
1219499830462091264
1219373477137993728
1219386536044716033
1219203797081362432
1219319797055479808
1219317811325161472
1219158405102874624
1219389333834256385
1219295354606235648
1219460409889042433
1219260621637726208
1219230299135062016
1219398518768644096
1219246314929524736
1219309426030583809
1219372497147133952
1219284554013454344
1219278897042403328
1219295108241162241
1219460432001490944
1219397807292985344
1219244281153703937
1219199673900195840
1219350455731531776
1219461597283987456
1219462302971330560
1219360874999230464
1219424423557718017
1219382086941003776
1219344119736213504
1219273741978554369
1219352711109455872
1219428983177084931
1219158702541938689
1219148823425167366
1219270169136156673
1219494253119922177
1219357703979569152
1219286453299089408
1219321187567841282
1219313692732465152
1219282419901136896
1219394431691956227
1219316165929054211
1219411084643164160
1219148630453628928
1219165556949114880
1219405742962364417
1219376022199701505
1219478609338994688
1219370137838596099
1219262642658988032
1219276759931244545
1219311157607108608
1219445760791474176
1219464289477701633
1219470435147972608
1219195548722483200
1219228855568949249
1219356651892957186
1219310838466732033
1219276854634274816
1219398025942130688
1219228235516534784
1219339748839510018
1219381772355375105
1219454235861012480
1219338059889639424
1219230180381728770
1219160151795564545
1219256940087345154
1219331657389527041
1219485019481296896
1219271613478129665
1219383542272221184
1219330647187173376
1219147551137587201
1219355864676605958
1219234345615085569
1219257411556560896
1219268159779241984
1219431055926743041
1219453167068504064
1219342311815073792
1219205003300286464
1219323900963762176
1219490648065282050
1219216046005063685
1219180364142469122
1219330863000887296
1219373427712282624
1219396594778415104
1219303575504990209
1219190527008047104
1219219789194964992
1219321053966630913
1219320612029714434
1219320640005660673
1219482675699826688
1219403319904538625
1219298057432506374
1219176117971476480
1219404064401825793
1219456350532657152
1219472139545387010
1219398954808303616
1219231767611179008
1219398307346337804
1219258278573592578
1219400406117310465
1219473520717070341
1219334187792175111
1219314151069188099
1219334029704646657
1219225133698748416
1219267879696289794
1219334837586350080
1219315224358064131
1219265170079395840
1219332580165718017
1219210425570676737
1219241746242199553
1219459207956705280
1219325238720258059
1219320077843140610
1219464276332679169
1219367020925476867
1219403549999816705
1219348874684510208
1219413210652123148
1219213425588547584
1219408009916534786
1219246859102932992
1219237189839728640
1219407839288008705
1219334603380531201
1219332359381712897
1219252692125659136
1219384359893000193
1219170500703924226
1219175823678283776
1219418280357703680
1219237988795928576
1219366079757213696
1219378574710509570
1219331597138300929
1219339809904373761
1219287731974672384
1219399112069722120
1219363015319003137
1219308181010157573
1219169089521954816
1219309687516094465
1219459203607285761
1219237929932992513
1219466040008237056
1219337291535147008
1219488316300648448
1219194866909007873
1219332681688895488
1219488911602475010
1219399568149880832
1219230341686288385
1219462304590376962
1219153207534014464
1219235518061404163
1219411982606118913
1219210202102337536
1219365009999958016
1219479364867448833
1219247109360275456
1219341606312206336
1219324343446048770
1219445513902338049
1219400081750876160
1219171733623726080
1219261422040944640
1219230465099517953
1219430810203361280
1219475588680945664
1219233027173294087
1219490662074155008
1219266947340173312
1219268482178670595
1219304785045868545
1219284542806282246
1219427277169098755
1219373590971404288
1219340905120964608
1219481781122015234
1219232610288840704
1219145258442903552
1219232615636656129
1219443163946983425
1219403102438207489
1219153651069018112
1219333895159787520
1219369065363464194
1219179587692847104
1219147883724886016
1219398892556640256
1219362571721084929
1219381564070682630
1219436794795700224
1219155073256841217
1219152654636634113
1219283028645683201
1219475851340865536
1219180852967542784
1219334539580932098
1219494340281688064
1219301596196155394
1219222564939214848
1219172347715956736
1219434248647663617
1219494337693786112
1219436623278084101
1219488542574944261
1219265938182299653
1219234119198085120
1219488552377032705
1219260233249382407
1219290899982823424
1219457279138975746
1219394171905011712
1219411429813448706
1219260376010850305
1219303159291621377
1219274667191603200
1219265696988790785
1219211782360915968
1219325146126786565
1219304174044749824
1219229614716981249
1219138323652005889
1219178273156083712
1219156855701889024
1219307042239725568
1219178479587078144
1219138204307161089
1219208307749064705
1219150602795716609
1219273818339975169
1219163570459627522
1219276439683551232
1219306403799629824
1219211148089798656
1219464793939218435
1219337768297488386
1219325220441542664
1219306596028862464
1219152143220985857
1219225141990907904
