1213877200946126849
1213865396455034883
1213893028261351424
1213883362911363073
1213955211947106306
1213835827685580801
1213854688954736640
1213714566665981953
1213941455439507460
1213915810961514498
1213919633994059781
1213816112577732608
1213745095167614987
1213869442297401344
1213850362144284674
1213940324550230016
1213812624804208646
1213856817748594689
1213880649347719171
1213812355030757378
1213828024472408064
1213818188707831808
1213880553306574849
1213900351725821952
1213821536735563777
1213883885186174977
1213965596838256640
1213879557905928203
1213875779463000064
1213914715329576967
1213849158366453760
1214050646929870851
1213865860705722370
1213941233942482945
1213869157365751808
1214031288497319937
1214042249119588352
1213867925683212289
1213875825705201664
1213865898790047744
1213889182982115329
1213959047222878209
1213868380761014272
1213747179711533057
1213782249897938944
1213732755474984960
1213721478128193541
1213769345437982722
1213709432909160448
1213915892528095233
1213748428154507264
1213884806855090182
1213860206045622272
1213905840358465543
1213720234206670849
1213712966610300933
1213708680862085120
1213721859793051654
1213712538606690304
1213772888723070977
1214040889841967104
1213917578831257600
1213724842119303168
1213718109305085953
1213713267530649600
1213776519530725376
1213862151946944513
1213862120728748035
1213860400749596674
1213803053532491776
1213710078819405824
1213736807856250880
1213864872397570048
1214026078211256321
1213710758581805058
1213860691360256000
1213941619445116929
1213709883872296962
1213720191810625536
1213720680321208325
1213705577660125184
1213886490436087808
1213717556281987073
1213968032189407232
1213724770266701824
1214055220906483712
1213737381125410817
1214045256339079171
1213709786493210624
1213911962138161152
1213995114105835521
1213973950801293312
1213769408851644416
1213847886720618496
1213712056119185408
1213709633371754497
1213788228211355651
1213873132253143040
1214007967869231104
1213909433740337152
1213709026829176833
1213920769891274752
1214042222754222085
1213787003650805761
1213769418771070977
1213871943159603200
1213711300330692608
1213875489112244224
1213714966160781314
1213708926035869696
1213716808315920385
1213760110364909571
1213924457338810369
1213926569447743488
1213769428552355840
1213860253684641792
1213768433457934339
1213703917252595712
1213788013836288000
1213892974691532800
1213879297997463554
1213710072704065536
1213882329774604290
1213876964953640962
1213854930949283840
1213920712496492550
1213856817748594689
1213883362911363073
1213876865175306241
1213876985551675392
1213877875373424640
1213743944783163392
1213876844338012163
1213914715329576967
1213828665152331776
1213877200946126849
1213812355030757378
1213879557905928203
1213828024472408064
1213893028261351424
1213851593407434752
1213880619266199553
1213835688371773440
1213876522773336065
1213876967344394244
1213854688954736640
1213876249417920517
1213835753492549632
1213865396455034883
1213821536735563777
1213884180142182400
1213871630621061120
1213872572355563522
1213964351687790597
1213887032336044038
1213860553548062721
1213884809468096512
1213854533337661440
1213842742356389889
1213839961985888256
1213928334343753728
1213854328156491779
1213840725118459904
1213809618809434112
1213809512983007234
