1217585265839169537
1217650056557400064
1217613772392738818
1217406833318645761
1217529834475311110
1217367577690804224
1217361087819079681
1217388537793769473
1217513567777443840
1217478578281029637
1217627789517520896
1217571032950804482
1217472653554077700
1217466468645756929
1217628365659811841
1217516534953926657
1217355635269832705
1217536790296453120
1217614894641688577
1217425589138874369
1217365142729625601
1217358346610782208
1217662106650259456
1217532129250291712
1217363652254294022
1217356501469274112
1217398783027417088
1217623397343137792
1217681998325649408
1217353786215292928
1217647218137669632
1217517707626762240
1217358649586176000
1217378686304968714
1217432873122304001
1217650069253632001
1217568572685287424
1217359296004075520
1217355637396361216
1217361653466980353
1217426977059168256
1217526461717983235
1217361649100713984
1217467373021732864
1217663729149644800
1217663603706335233
1217672925240754177
1217357296050884608
1217379824081072129
1217613658433425409
1217354262424051712
1217356571572932608
1217357256649515008
1217367565179281414
1217478143763795973
1217426223112032256
1217329256285511681
1217545447461486594
1217390160683393026
1217494881788223489
1217470374570549250
1217673291760054274
1217326111442513921
1217650102392762374
1217636553905799168
1217406826708447235
1217369690311462913
1217354008593084416
1217340524618752001
1217391696243236864
1217387580922220545
1217341428789104640
1217348761900462080
1217465409621975041
1217424370471186432
1217437270443274241
1217512191668248576
1217523252085641216
1217458331176046593
1217418802004221954
1217494156941066240
1217372837062770689
1217517031458775040
1217388462913007617
1217678058674671616
1217659108435931136
1217386255845150720
1217685000407146497
1217351110840799232
1217455984907575297
1217471273426739213
1217639323346132992
1217344271977762816
1217345526485540864
1217338839280254976
1217678250673086464
1217406794387132417
1217418484524535810
1217569823242313729
1217392826436243457
1217388285854699521
1217486757811367942
1217520268740087818
1217461856970977280
1217344991615430657
1217678140350324736
1217670241507008512
1217338245790474240
1217550195375906817
1217366389876514816
1217385808799436800
1217376516872511488
1217529881204011009
1217524379539640320
1217466853636874240
1217406848695001088
1217549675420700679
1217376374446534656
1217657184101769216
1217597905764343814
1217347596588584960
1217388200106385409
1217558135742832642
1217396311944810497
1217388239058804736
1217671637379633152
1217350725866598402
1217539937639202816
1217376145873801216
1217375599343341568
1217414117612498944
1217685155038531584
1217628477131837442
1217495806154027008
1217677967716950017
1217407214270459904
1217326026549874690
1217370746273648641
1217406498785103872
1217684630528069632
1217395607087779840
1217518726406340608
1217395482961551361
1217385042172837888
1217339665688252417
1217583989420101633
1217355830879817729
1217462589678067712
1217346325920059392
1217640554487480327
1217348998635360258
1217342077069033472
1217659050214686720
1217346738064973824
1217533679578361858
1217566234457313283
1217485099496886272
1217468644726317056
1217472523249635328
1217415610759553025
1217334856746721280
1217333154903658496
1217628501576241152
1217384297318973441
1217472879002095617
1217352147425267712
1217381047861760000
1217385453957021696
1217383397695410177
1217326570068697089
1217346992478785536
1217336165575090177
1217677592326803456
1217526298278612993
1217628132276084736
1217344207242899456
1217671434979487744
1217671344353050624
1217391602622238720
1217341059451228161
1217406804444971008
1217376722150141952
1217575309232525312
1217677075684974592
1217634572445405184
1217549071008833537
1217417581751128064
1217382541734371329
1217453887113662464
1217456851526279168
1217403690283388930
1217639571736924160
1217673791800823808
1217395932481892352
1217407563005939712
1217473097185529860
1217383526569598977
1217461941670682626
1217328138251841536
1217343128253931520
1217467075393998850
1217466940920401920
1217362262807187458
1217563637054832640
1217361657556623360
1217335994581647360
1217470281553469442
1217385776129937409
1217347846795644929
1217388156112248837
1217383818715418624
1217515000920715265
1217397801707089921
1217517176053170177
1217483211451916288
1217665279053840384
1217623809328603137
1217568709390278656
1217351387069255682
1217407189641502721
1217568685411487745
1217354686296207360
1217565772576370688
1217489519726993410
1217393409272492033
1217373574757015552
1217387426823507968
1217479008742453249
1217387199471214593
1217639190776762369
1217404354489147392
1217398522208759810
1217332689499578369
1217338747269853184
1217432359559159808
1217465943921766401
1217346386422829056
1217345609516167170
1217471062516158464
1217328293852205056
1217388218447994880
1217540571742507009
1217368904445632513
1217383577488326656
1217398104435187712
1217349488412676096
1217386882092425216
1217677328672862209
1217393479996903427
1217347649411698688
1217394920023109637
1217551005526695936
1217337544184094721
1217677732064243712
1217336334756536321
1217356485316968450
1217382847448743936
1217378789463937025
1217438097706754053
1217650056557400064
1217623397343137792
1217636553905799168
1217425589138874369
1217516534953926657
1217437251455549441
1217340589819211776
1217437282376060929
1217491246115098624
1217382163101863938
1217650069253632001
1217478578281029637
1217383974303076357
1217568572685287424
1217627789517520896
1217426977059168256
1217374284546527232
1217387853417799681
1217466468645756929
1217398783027417088
1217647218137669632
1217391221552963584
1217614894641688577
