1215137947609174016
1214947396276412416
1214946614625873921
1215018805509984257
1214918618502156293
1214924770036330496
1214942567978143744
1214981567854067712
1214940910577946625
1214914005791334402
1214915804724125697
1215141127952748544
1214972733903249411
1214930427703701505
1215055437713813507
1215005774201720833
1214942337673109504
1214841868732813312
1214943699165204485
1215018452819357697
1214924092350091264
1214906979468136453
1214908521428475906
1215019196658130945
1214816403716489216
1215027220034412544
1215047073256693760
1214948054891220997
1214793778847985664
1215014301800550400
1214914971693400066
1214903010687684610
1215034603620257804
1214998665623982080
1214936528121663488
1214914785545994241
1214795766515912704
1214941097765548032
1214905171748233216
1215017247577694209
1214947324155322370
1215111374277414912
1214915020204773376
1215000290765737993
1214932646905692166
1215149558596100098
1215028485795782656
1214965024894177280
1214944367359807488
1214961045422452737
1214903892317741056
1214998299448676353
1215016490870755328
1214795770135642113
1214795769410015233
1214955319325007873
1214924616046710784
1215018149839593477
1215026618730778626
1214954276730134535
1214905964333293568
1215022814018842624
1215144918185861126
1215006523887357952
1215017935976194049
1215090462031273986
1214933131599470593
1214925167346016256
1214962908909715456
1215135677232373761
1215142941569835008
1214913794931068934
1214981357375385604
1214917499990491143
1214994160542982144
1215031254980202502
1214919359606480899
1215002653270429702
1214871554863063041
1215030499720257536
1215056301329391616
1215057456608501760
1214925761221742592
1215041314544373770
1215058035628019718
1214922245484752896
1214995534391468033
1214849376511807489
1215115417003462658
1214832664525594625
1215026584438083589
1214817641996656640
1215029140522442754
1214919690591592450
1214965180272132100
1214830241413242881
1215011599389544448
1215031339625385984
1214869230690164737
1215111827023069185
1214896040475856896
1215028145075740674
1215019908091826179
1215057608110944256
1215127490848575490
1215029112617734144
1215139858664038400
1215128632093560833
1215026970800664576
1214849236405235713
1215035341935202307
1214835319536836608
1214994598768136193
1214902766054912001
1214976848666468352
1215029806372405248
1215004164264284160
1215018995591581697
1215054893138022402
1214810159547080704
1214873252096552962
1215052684765605888
1215028578171195392
1214856621295329280
1215023940990590976
1214815129742671873
1215062490515570689
1214923688283443203
1215052091753975809
1215037125831344133
1215027913776672770
1214983538010968065
1215037620507594752
1215128563512479744
1214983845235351553
1215036819517136896
1214973436981854208
1215108304071847943
1215061170182348800
1215132450722062337
1215095078429040642
1215073197311385607
1215004356166201344
1215038130891431936
1215014865817014272
1215132299660025856
1214976256124620800
1215117270185390081
1214808216472821760
1215044147612131328
1215013751235190785
1214975215324848128
1215039041101582336
1215000134800592896
1215018139492241409
1215042309584232449
1215051634201571331
1215127869099270145
1215100929726349313
1215040262428352513
1215036837280067591
1215043288648048640
1214974821425143809
1214989120801574912
1214825512075431942
1215123177870888972
1215037423224283136
1215112473587613696
1214847984216805376
1214974634023641090
1215098890938130432
1214814603663888387
1215042871788756993
1215145355597287430
1215036876211597312
1215151157099757569
1215061570734129153
1215042982665162753
1215104346716852226
1215040406288785408
1215040485565317120
1215047919348350976
1215005058473091072
1214816066284793856
1215052063006130177
1215043887624073217
1215039655546171393
1215037643496607744
1214814041731993601
1215039600789508097
1215046842284724224
1214962287989137409
1214992196711129090
1215042635792039936
1215049532926545920
1215040152457949184
1215062400103264257
1215036449940217858
1215118378123374592
1215084074030768131
1215129449101918208
1215096516370669568
1214991720062083072
1215136047144820736
1215001894227234816
1214973393570795527
1214999994220060672
1215056503549415427
1215149291313995776
1215036818900606980
1215143584766332930
1215099943364505600
1215036750952910859
1214974684695089152
1214878212028801024
1215075817140760578
1214974632496975873
1215114357253771264
1214961494863044613
1215052605891776512
1215008985801273344
1215036833853296640
1215059564661526528
1214974548392714240
1215007122385199104
1214864593123790850
1214998819378794498
1215037143405486091
1214813187700342784
1215002746379747328
1215123231507722245
1215149173869285377
1215037378349486080
1215049026200055809
1214851743021981696
1215049329796374528
1215090857617108994
1215036179357278213
1215018455369474051
1214842578941751296
1214873479679545344
1215084940632690688
1214997118487846912
1215051929837019138
1215065815885676545
1214978120413011968
1215045525067706370
1214981683021275138
1215146390223032320
1215148675263094784
1215042588413169664
1214890620201979904
1215039311365718016
1215111618717265921
1214976560110940167
1215044889513287680
1215000331815399424
1214984904016044032
1215053147770630148
1215052321182355458
1215137010920382464
1215036678114598914
1215114203008241665
1215086776005644289
1215035584646914050
1215022174270042119
1215017410316648449
1215109344682967041
1214983752163741697
1215001733920960513
1215045095063539712
1215046091101569024
1215055128899792896
1214863894977613824
1215000202442088454
1215037845192228864
1215144902742417408
1214978369886064641
1214987369566425093
1214980189320548353
1214803490867994624
1215129180486148098
1215060596686827521
1215040517110738945
1215052104672346112
1215009198016204801
1214862439789010944
1215040153149943808
1214980362780237826
1214890646542180353
1215042154449526789
1214804048714567680
1215050648003207168
1215043364665675777
1215048178296336386
1215036073677602816
1215030016100249605
1214975510700347393
1215133723571691523
1215037138649133057
1214959864767811584
1215063132307165184
1215004134182674433
1215043814584397826
1215092200318603264
1215145956011913217
1215037432439230464
1214925980244033537
1214894521818873857
1215044673531674625
1215011715273969673
1215010002844475392
1215036701179043847
1215131735945629696
1215035890902409217
1214802771737755649
1214975046801858561
1214997059859886080
1215031811912458242
1215144615147339776
1215076902517575682
1214991123057389569
1215038868090691585
1215017836122398723
1214981492654399488
1215059976563167234
1215037137885769728
1215136078723796992
1215125122115350528
1215123400357744640
1215100092962811909
1215078798489722883
1215125872103055361
1215133159773343745
1215000071487533057
1215035940558835717
1215022367195443200
1215001346274930688
1215036343358775297
1215036779365044224
1214976110003396610
1215094982870257664
1215051915974889480
1214796365622075393
1214976735990763523
1215084286963015685
1215005955852840960
1215048350631899136
1215015544035917826
1215058175084331010
1215116029006925825
1215143789217579008
1215018011670798338
1214833568213544961
1214990962595966980
1214794525090222080
1215146418916249606
1215037484930916352
1215015096998645761
1215063608981364736
1215050485205479429
1215148447910842373
1214863236950085633
1214985684039196675
1215012559528636417
1214795413338935302
1215050548002598912
1215094765445963776
1215016598676922368
1215014641899884544
1214842628950372352
1215143515413458944
1215102845105602560
1215037985105862659
1215057224428593152
1215124395158581249
1214973925098237957
1215097457354461184
1215000153737826305
1215095649693204486
1215046710516494337
1214828526131666950
1214808672070782977
1215037206844362752
1215037859595476994
1215055265764118529
1215070191803076608
1214976066240036865
1215126860406894593
1215016941125062662
1215038511553941505
1215028097071878145
1215036544769253378
1215039577360158721
1215135704730218496
1214882406240542720
1215043017003978755
1215000271782338562
1214924803678842886
1215014653883043842
1214851764811436032
1215128513776406529
1215074828878778372
1214799611619160065
1214977637598351361
1215102941960511488
1214983274579267584
1215036347934748674
1214999315757850630
1215036323733655552
1215135570512564224
1214799252150464512
1215129445360701442
1214974801091145729
1215037202763264006
1215022164811763712
1214866467889565696
1214877566110187531
1215050447284854785
1215035632361316354
1215060224593231876
1215149714296967168
1215140184595013632
1214990913371623425
1215137783620296704
1215045714939650048
1215022463505092610
1215075848145002496
1215044993208942592
1214963610478424064
1214974716135583745
1215038354389176320
1214976062737862660
1215147803514675206
1215036594836692993
1214976674879746048
1214982293061799937
1215034510930333696
1215050906892455937
1214901425186185217
1214893915570102273
1214990544948084743
1214998830992760833
1215038216367202304
1214809244366589955
1215041595927662599
1215043211107979266
1215047373321273344
1215040786733121537
1214992332321370112
1215052886587080705
1215076732891430913
1215039765382389760
1215041592723161088
1215047065774018567
1215036517304983552
1214915451563712513
1215038068639567874
1215050069478645761
1214975194688868352
1215043050751381505
1214858318008799235
1215026014075674627
1215007990014545920
1215018736324956163
1214975179388063744
1215004102167539712
1215013199260590086
1215043726076252161
1214901900304375809
1215041267031257088
1215081133869817856
1215061049994596358
1215056479536939010
1215061178734522369
1214977503653224449
1215037875227680768
1215127185444438018
1215031760989364225
1215151070181195776
1215061831804473344
1215009783188582400
1215009935358119938
1215139314381836288
1214821629399912449
1214982788933464065
1215116990014271488
1215048044820955136
1215045360831410182
1215129741147148288
1215141138769702918
1214851159460061184
1214975137369526279
1215003118414548992
1214996514306772992
1214984583760007170
1214996708095979520
1215092966089461760
1215012322986606593
1215040616372948992
1215056503016689665
1215000607297343490
1215063995402596352
1215047930907897856
1214871224729387008
1214879765037010950
1215001104070656003
1214976281453961218
1215025167958790144
1215036427014197249
1215003913897881603
1215036991995334657
1214863883703377921
1215038294616096770
1214993958348247040
1215132977153433601
1215150318268317698
1215017533612404738
1215059168694063104
1215042122514083840
1215046396056723456
1215131250131906560
1214982649971978240
1215119491195121664
1214975626681233411
1215116458214273027
1215076386089644032
1214983547959816194
1215001437312294913
1214928236553162753
1214816106503909382
1214896566185725954
1215055221627539457
1215001241954242563
1215043090916020225
1214877026559102977
1215035662786842629
1214973326482984960
1214975653621186560
1215041641704312833
1214854378575867907
1215038840399958016
1214974424123924482
1215037514395930630
1215011212301352960
1215065630799466496
1214997107444240387
1215039294252953600
1215036208734244864
1215012554617098241
1215052014029328385
1214848319249420294
1215042188901572609
1215014466426941441
1214978308250705921
1215147341830918145
1214822231651627009
1215038707671207943
1215141388452532231
1215037356903993344
1214977405854605315
1215036902379790353
1215054186993397762
1215059274239500290
1215054014427123712
1215011721355640834
1214975926104133634
1215100997858746374
1215040201833226240
1215096060202356736
1215055431682482176
1215059253548998661
1215051286321733632
1214974248126693376
1215044738920984577
1215140434508505088
1214992362902081536
1214975490714460160
1215045219294552064
1214988921718951936
1214995776700657666
1215062293333061633
1215106319184691201
1215077191832215554
1215069494760157185
1215050333551984645
1215063646075793408
1215035333810761729
1214989803906912257
1214984668174594048
1215079603150163969
1215039519126425603
1215060054199672832
1214882805206913024
1215001980139167746
1215039504861536261
1215059051492663296
1214974429744291841
1215013735967940615
1215001175910735872
1215006207049699330
1215103130167279616
1215044555529248769
1215038844468367360
1215002707523702787
1215038456147169282
1215048407850594304
1215037201580527616
1215036700453462016
1215001313009905670
1215056728577933312
1215036651350740993
1215113678938394624
1214974515203194881
1215080261962149888
1214995229637513217
1215048039712395266
1214970566773489665
1214800637088669697
1215061067593846785
1215030961307635713
1215130710916452353
1215041088895016961
1215113981762899968
1215045486329106440
1215039958249025538
1215066165703299072
1215044455486672901
1215042780239663110
1214872965298475008
1215105715179790336
1215068193737363457
1215037873478606850
1214804218579542017
1215009165128679424
1215025915354394624
1215039200308924416
1215038133991026689
1215020861738143745
1214974137262858251
1215037801865068544
1215030193418575878
1214821889467658240
1215042477914234881
1215000287523606528
1215080602401222656
1215057589244977152
1214974304741478403
1215115677050249216
1215114345371357185
1214996703872462848
1214975087067254784
1215039069396381696
1215004733947207681
1215026586401026050
1215144668989677569
1215037055362838528
1214971850780008450
1215058684000309256
1215038486811742209
1214992138968195073
1214992080663175174
1215142275161808896
1215038705104248832
1215036061308669954
1214988696237301767
1214975208584622080
1215003634838261760
1215036736750936064
1215046322010710017
1215040690280894464
1215143646653272064
1215036058905272324
1215017175381090305
1215049690481332225
1215041494752604160
1215082399408820225
1215043370961309700
1215046659199197184
1214980731790745600
1215037159129931783
1214983715555827714
1215002585146515457
1214992843275677696
1215043580278005762
1215036311536570368
1215041308424916994
1215146629558304768
1215037083288514560
1215039154070982656
1214822055834771458
1215075161134772227
1215027834076442625
1215113507802316800
1215059659226263552
1214978189648375809
1214975100031774728
1214977178246492166
1215066103266922499
1215069456063442945
1215043140433907712
1215050027246157824
1215146228398333954
1215100040940793856
1215020870994997250
1214977902124646400
1215038071730769921
1215035977506394114
1215039003856125952
1215036285125120001
1215003255576633344
1214987570867851264
1214994596301824008
1215053353161515008
1214976008673222656
1215036454847569925
1215038372600827909
1214991986987548672
1215043330477903873
1215105707730706433
1214803720938110977
1215075256815308801
1214973564916576258
1215099666620190720
1214974201993580548
1215045181227110400
1215113629902819328
1214977056850751494
1215039223549616128
1215071517328932864
1215047536429453312
1215036366851059712
1215000453571854336
1215024986970378248
1214981488904736772
1215132380090060803
1215037638660513792
1214982471588155392
1215007344633032704
1215130271978225665
1215054312604389377
1215039111465259015
1215036280624631808
1214866486705184768
1215069536849924097
1215045743578419203
1215037048723329024
1214961975362494465
1214995133093027840
1215040900675645440
1215136547005239302
1214992522411425792
1215001026715095041
1215129383607918592
1215029412095283206
1215037356782297090
1215037045204307970
1215037209054724096
1215068294585180160
1214865334089535488
1215036443682361344
1214977896701419520
1215043804606226432
1215077616333598721
1215037504417648647
1214820476528279552
1215127418916294661
1215117148240203776
1215040409942056964
1215042145754726400
1215024105105317888
1215149532088033285
1214822079331209216
1214880774190772224
1215149461212684291
1215000247291785217
1214991083991638022
1214977198161113089
1214809513452359680
1214848891386023936
1215092299333545985
1215037044692520961
1215096863428435968
1215041392436809730
1215037577683709959
1215037686253273089
1214991759899578368
1214976437440176128
1215106610353274881
1215018452819357697
1215017247577694209
1214981567854067712
1215014301800550400
1214840454832889856
1215024894792126470
1214824549335883778
1214941097765548032
1214924616046710784
1214913794931068934
1214944106662809600
1214921828256407553
1214792473446363137
1214931297858195456
1215137947609174016
1214857940160712704
1214903010687684610
1214920759774269446
1214932646905692166
1215055437713813507
1214903892317741056
1215142941569835008
1214836863552380928
1214868554689978368
1214802938738151424
1214853430113640450
