1217938150678507521
1217863691321987078
1217710194052030464
1217964896798769155
1217987479040679936
1217910277037010950
1217846498236473344
1218006437848330241
1217709297905414144
1217889738776043528
1217695405745426434
1217724682344058882
1217884564745572356
1217899116501651456
1217798639382343682
1217733072759803905
1217854779294191618
1217746041895780354
1217881466388074502
1217792136529223685
1217706119910563840
1217869897457459201
1217695266888912902
1217774219439689732
1217880690232037376
1217796064432066561
1217877666231132160
1217882156522971138
1217706751623122944
1218006401018159104
1217744407379816448
1217914721149603840
1217870898683957249
1217936507085971458
1217925943421030400
1217947238883827712
1217714119761002496
1217704617380864001
1217796154097913856
1217711839532003329
1217702218247364608
1217845757253910528
1217867602808254465
1217726240687378433
1217898938788909057
1217688062865616896
1217708108140515331
1217815202428858369
1217710420242374661
1218015863271501825
1217867604678848512
1217899321187880966
1217726955178602502
1217916017579569193
1217764706401898497
1217899403702390786
1217699252459266048
1217853665614028800
1217696852922863617
1217789753082503168
1217872896812515328
1217700184790044672
1217706397795831808
1217722793220960257
1217854295271448576
1217697543548698624
1217701202244382720
1217908630315585536
1217695754879287297
1217699507019952129
1217710419097411584
1217716777532170241
1217705633581092865
1217748326969376770
1217806441916108800
1217938192168640516
1217787697961558016
1217822580301860864
1217711162688667648
1217869124736409600
1217713241876574214
1217701867628781568
1217688491804499968
1217971929824550914
1217709049375944705
1217731700228284416
1217705674462900224
1217717911768502272
1217944135484760068
1217925866497376257
1217845961533292545
1217840590622220293
1217811391886843904
1217877155801194497
1217846276928233475
1217937997716492289
1217911632010985472
1217855825143910407
1217949101347737602
1217920876735279117
1217867558797430785
1217820068609974273
1217941688586469380
1217976790632882181
1217846272771731458
1217846057255821313
1217846913309007872
1217850859620573184
1217881283990376450
1217848405327740928
1217907739273449475
1218006188958404610
1217808593615032321
1217936166785294336
1217937244696334336
1217943359723134981
1217887688113692673
1217839590368862209
1217856682560294913
1217898210703937538
1217994940317413376
1217864335927709696
1217871104649330690
1217936284024496128
1217900288289464320
1217936701101936640
1217913976950009862
1217848087680602114
1217903194480746497
1217847220512468998
1217908572840964102
1217941600220995587
1217976469303037953
1217913591715848194
1217877645553213447
1217881015433211904
1217920667129131037
1217950769460260865
1217921586294087681
1217867757846499328
1217819918923706369
1217848724375965697
1217863470248448000
1217936626413907969
1217856201633009664
1217856832255021063
1217850191472218114
1217943848153964546
1217845755513384960
1217846149455007749
1217742271338205185
1217919733665878017
1217808738737971201
1217874430187229184
1217921908949299222
1217894231232143360
1217901640642179077
1217954423756021762
1217853256476643331
1217934945072664577
1217888962649509890
1218009416458477568
1217849747362537477
1217862772899426304
1217847189126467585
1217846761349361664
1217935000202633226
1217975153117876225
1217952915580760066
1217846029237870594
1217846777312948224
1217907556028428290
1217918180615696390
1217855210552528897
1217927946184294401
1217935202401517568
1217846889158234113
1217855890453401603
1217897514457817088
1217829748484792325
1217937495444185089
1217865029183246337
1217849390590808066
1218014267888324609
1217818107735134209
1217896099190624257
1217859130490281985
1217915130081619975
1217849117164089346
1217880483876556805
1217720612887629824
1217823454986227712
1217870097924206595
1217864946148573187
1217929157776154625
1217935654413373440
1217849344273063936
1217822882765705223
1217808728285700103
1217941984696066048
1218006377118957574
1217870834997567495
1217903325863202816
1217833014933192705
1217924188335374336
1217909741638291456
1217976854151344128
1217939670551748611
1217761084960133120
1217967214177017857
1217989406260367361
1217943155716317185
1217860085512392704
1217816345456320512
1217864231522983936
1217884630755442688
1217867064200900608
1217921563724525570
1217936322494717952
1217924594687975425
1217944338363228167
1217912801664086039
1217848139949969408
1217911502868492288
1217870633989591041
1217887838047477760
1217934501487267842
1217881382149595136
1217823758645452800
1217853461649330178
1217877285610643457
1217871322442870784
1217944570371223555
1217852768658038784
1217921907422613504
1217919808223752194
1217847129198284800
1217885252670107655
1217874398297935874
1217917609502486538
1217850764611194880
1217810347547070464
1217852149260062720
1218042659341848577
1217821386246426624
1217886272976572417
1217864177563422720
1217846257667973121
1217913817679704069
1217850668196777984
1217911024747196422
1217872283995459584
1217925855244181506
1217881269205422080
1218009935180697603
1217904169526403072
1217808414539206656
1217846696316669952
1217891108165951488
1217884043393622025
1217846314807021573
1217901168732581889
1217849667439992832
1217920170422874126
1217847514092777472
1218007681367269377
1217832680529846273
1217942394903105537
1217882163439337472
1217847266448478210
1217913097521942529
1217792367559872512
1217713079385042945
1217927233555378176
1217712049171652610
1217770457061040130
1217773270449172481
1217797761208410117
1217914926297243655
1217770808845664256
1217799905730813952
1217690020770930688
1217961681311105026
1217716447121694720
1217797560087326722
1217888277828657153
1217713616004308992
1217770363779780608
1217907964826279936
1217810068655288322
1217898664594747392
1217778177050890240
1217875098121777153
1217816248517648384
1217766173674221573
1217717352600625152
1217842725753704453
1217917880186089473
1217741450823323648
1217693253509820417
1217816268625141762
1217719260346109952
1217709243710824451
1217847712722358274
1217860951988473856
1217706091896885248
1217807485190508545
1217885179177553920
1217999057530081280
1217756188730970112
1217905132576428032
1217949971514830849
1217731510293450752
1218028421973970945
1217761082481299456
1217776580476506112
1217911633403621391
1217895489737232384
1217870821684850689
1217956582757163009
1217715163794722816
1217812059489996800
1217874769485254656
1217770734996656128
1217789028583559179
1217934215997808642
1217762854943719427
1217698131967725569
1217714433234960385
1218039227654594560
1217711066538479616
1217839839460188161
1217755296443117568
1217805243637026817
1217907990197440512
1217689796526645254
1217752220646739969
1217689611247460353
1217869196706701312
1217907979753676800
1217770551965515776
1217781438264893442
1217809875071373313
1217713239062085633
1217766025338466305
1217689360046415873
1217874464492474375
1217707779898662912
1217690539438616576
1217696383056207872
1217711321023643648
1217808127871143936
1218039202773946368
1217915941650149376
1217971491268108289
1217914730137911298
1217809794259652610
1217789648921120770
1217787020426326027
1217734517269635072
1217896849002070016
1217689853904769024
1217816255857643520
1217950080453484545
1217762470883926016
1217770696287432706
1217839763014791168
1217771651233910787
1217788853181992960
1217776443092062208
1217881384024444928
1217693279648731136
1217766358106214400
1217717208421453824
1217949923750174722
1217769614404476930
1217691107519320064
1217798037881442304
1217849666269786112
1217841949257977858
1217712996895674368
1217768457929994240
1217874634823077890
1217703650476351488
1217951243164880897
1217717167438946304
1217888937114570754
1217869104570302464
1217715608344825856
1217816278439735301
1217787558320594944
1217749002705342465
1217761214819860481
1217730834129735680
1217694728067657733
1217808725437812736
1217761168145682433
1217707366302527488
1217764343049342977
1217705473832620032
1217724847389843456
1217761823174406145
1217770795742695424
1217734508449058816
1217740831676866560
1217693262129115137
1217874985525612544
1217712928884961280
1217815963732713473
1218006415094231040
1217702218247364608
1217869124736409600
1217701867628781568
1217695266888912902
1217697543548698624
1217921234056425499
1217688491804499968
1217899321187880966
1217894943823450113
1217746041895780354
1217899972714205184
1217932326304452608
1217867604678848512
1217688062865616896
1217898938788909057
1217856280418770944
1217710194052030464
1217893283470417921
1217854295271448576
1217699252459266048
1217949825251053568
1217690390083575808
1217843081761972225
1217706397795831808
1217936507085971458
1217708108140515331
1217705633581092865
1217901195865612288
1217711162688667648
1217865526430531584
1217999050970140672
1217867602808254465
1217789753082503168
1217872896812515328
1217703456292704256
1217726955178602502
1217699507019952129
1217892626810142720
1218043444507095045
1217886102255820801
1217907813390934018
1217903225950691328
1218039119240204290
1217878128304906240
1217945095556694016
1217885669005185030
1217878372803645440
1217890009103110145
1217884803908894720
1217877996415209474
1217882078488014851
1217912707283898369
1217916570896343045
1217880692371095553
1217902336447827969
1217919363111702530
1217884068165058561
1217881295549759491
1217878318701215746
1217891668554330112
1217883187441020930
1217892122252189696
1217939843562512386
1217883255589998592
1217882454473748484
1218034947627286528
1217885911125561345
1218014052263264256
1217881536579751937
1217885303232516096
1217883607202783233
