1218598929362759682
1218461668730179585
1218605742900551680
1218575262121635841
1218464956330532864
1218511621427007490
1218621276480327680
1218771383871836163
1218456050560643072
1218537159239487489
1218443691490250754
1218457119193739264
1218662622167478272
1218690355610161152
1218712242121854978
1218610408065503237
1218667278977380352
1218704393773756418
1218577627826573312
1218641028942630917
1218600144205238272
1218512199402041344
1218454646752251909
1218498835770679296
1218632187618172937
1218644299761537024
1218471197081468928
1218580078168285190
1218634672076394496
1218552256896872448
1218606397774028800
1218562232231002113
1218440827808243712
1218514087774167040
1218612929295265792
1218429809065328641
1218437872405164032
1218660119996747786
1218498513224507392
1218759319212167168
1218468228940300290
1218493678957793280
1218667917602119680
1218650061099409410
1218451460926640128
1218687185534230528
1218532585598525442
1218640724188639234
1218631076001853440
1218762693848465409
1218613133109080065
1218645774512291840
1218610267053068290
1218730983492591618
1218460830200713217
1218615421848506369
1218441062580211712
1218582646973960194
1218517606501703680
1218589052859047936
1218443977386414081
1218597927318433792
1218658635586379776
1218602373330939909
1218552299817185280
1218603384326049794
1218457898440888320
1218445752168480768
1218534439552266241
1218587852797247488
1218639264684085251
1218670001705705474
1218646056939945985
1218658382950944768
1218626131957616640
1218470704468893697
1218613087349235715
1218454440203751429
1218747618102251520
1218414915741986816
1218589909847625728
1218641178817630208
1218603902892986368
1218685814575595520
1218589903493222401
1218570377833611266
1218621230825320456
1218574816715907072
1218604267055075329
1218532846857609216
1218658994186858497
1218655309406855168
1218736060575993857
1218545374450929669
1218636721472114689
1218465270823636992
1218482120483581953
1218482895192543232
1218480275459596288
1218435352836239360
1218682499347501066
1218613511242293251
1218629270223949828
1218644654872322048
1218767874564788225
1218515892750782464
1218602107563057152
1218642971177840640
1218425691504627712
1218611101048418304
1218567131408818176
1218561182061223938
1218769070457270273
1218609525080707073
1218501451108048896
1218423656520593408
1218639560592232453
1218461289628028928
1218466750485925889
1218742750440493056
1218641062190813186
1218543033635000320
1218727929217241089
1218574041612738562
1218611245856804864
1218639640477028353
1218564885036044288
1218661507644514304
1218529668682436611
1218757377899552768
1218616660006985729
1218739242148466688
1218751447774396416
1218634278289969154
1218522405985013761
1218518330698391553
1218676905714561024
1218582954827558912
1218450429064830979
1218653755584937985
1218629045140819968
1218517653322637312
1218604445371641856
1218456501708300288
1218414949799813120
1218418021426921472
1218463017119240194
1218649478711869441
1218547508390981634
1218435656080404480
1218614058502496256
1218449502354296832
1218461513494810626
1218610231149768705
1218634337547161608
1218463965556215808
1218624257552416769
1218508641181097990
1218478419089948673
1218640671646547968
1218569031256551424
1218613439737794566
1218512389571862532
1218617098429194240
1218692769256026119
1218426395816288256
1218599088591134722
1218601711595593728
1218772710878216192
1218443540767891456
1218577344501362688
1218621447620395008
1218452525466210306
1218620312570531840
1218436686201397248
1218739722312392704
1218772894337118208
1218632553487314950
1218613515260452864
1218528036741472258
1218621451206455301
1218440569992753152
1218634962171310080
1218520412537139200
1218581775468896256
1218573794299842561
1218612183686352898
1218761327549829121
1218739812531748864
1218660056809582602
1218484396573036544
1218613685016498176
1218428818727297024
1218522771023716352
1218452643112214529
1218669229882429440
1218652090953879554
1218591923428040704
1218635864957472769
1218587036489342976
1218462853637836801
1218517766589775875
1218738886970683392
1218500080350781440
1218653054955814912
1218514007356858369
1218457528230653953
1218434258441777153
1218514017926438912
1218415670896906241
1218591060097732616
1218645752769019904
1218615373890752512
1218458973147488257
1218454885177446400
1218493272999563265
1218633331945943041
1218614490679431173
1218650253550850053
1218621593238360064
1218657341027078147
1218580292056821760
1218497298591813632
1218598847569711104
1218671523004846081
1218504019095818247
1218611249820336140
1218634829115412482
1218551691601162241
1218707727293304832
1218516014909906944
1218760312897384448
1218750534083076096
1218478243373879296
1218616451772362753
1218414795663331331
1218540786930933760
1218640058904911873
1218642695805112321
1218667082059014144
1218640728420683777
1218561262398976001
1218584398209191936
1218452477680349184
1218602910801711106
1218754253034074113
1218657417703182339
1218605005852282881
1218458510012440578
1218648261420027905
1218773936919523328
1218767261026209792
1218511699424112640
1218454649071636480
1218457115481858055
1218445695641800704
1218415987751436289
1218511220036136960
1218459343617699841
1218414923228811264
1218436740723200001
1218509695067021313
1218635938563313667
1218552671319273472
1218522199725879297
1218441434128404480
1218430683443494914
1218662389891190785
1218774276612022272
1218634959587545088
1218442010689802240
1218501452886355968
1218563625838878721
1218622596985556994
1218464419707080704
1218479172621938691
1218567693164519431
1218572166326837249
1218515018271952896
1218643103877357568
1218458674206736384
1218599500337631236
1218562674461757440
1218741137835425792
1218423134069624834
1218692525634019328
1218576477123497985
1218736727143124992
1218654893243797504
1218711450375671809
1218610966751055872
1218483250055864321
1218453021971177472
1218442904676384774
1218613781720436738
1218685345895763968
1218637269545951239
1218700957208453120
1218529357750095877
1218632125047627776
1218670812674347010
1218478807088357376
1218450359435264000
1218570702640558081
1218546269448212480
1218607334743822339
1218642438329393158
1218455562452656129
1218687242195165184
1218514757310959616
1218667901152124934
1218599339825737730
1218666097693679616
1218464847702233088
1218519823669440513
1218644732236247044
1218510875918852096
1218509549579141120
1218771905697763329
1218454374755786752
1218488452901109761
1218606780353253383
1218584332383793153
1218649196481458176
1218591099213811713
1218644617127776256
1218588393761923072
1218686460473331712
1218462463307534336
1218542211253592064
1218585196213129216
1218527279636189184
1218478242253938689
1218541588433047552
1218592882073968642
1218473804713922560
1218589208668930048
1218587799504506880
1218593176296050696
1218474408991432705
1218596870953537544
1218589947944472576
1218587891221389313
1218605592136298496
1218617654770094080
1218690596182904832
1218470360145891329
1218591456857919494
1218541909372821504
1218591909758881795
1218589670038278146
1218516331991117831
1218601520482127876
1218589619018661888
1218594655694196737
1218589399589490689
1218454841799905281
1218610761385304065
1218599166722658305
1218539556108148736
1218623529916293120
1218634677868793862
1218590893919428613
1218427872521617410
1218726272878239745
1218697988299796480
1218589982262210562
1218476119931998208
1218735762709131264
1218617438750814208
1218729885780365313
1218448564424232960
1218626057538023424
1218576321913159685
1218765856102064128
1218757546518949888
1218506284598808576
1218525439368540160
1218502553903796227
1218458554266505216
1218517880393928705
1218577097687474184
1218422273348198401
1218501248166629376
1218611096786960389
1218663180844654598
1218716752500154368
1218757587367333889
1218477789348880384
1218613829392793600
1218714618253774848
1218587435459915777
1218556622705917953
1218702640227418112
1218597026440646656
1218419127628550150
1218486340108550145
1218731808210214912
1218549099781349384
1218632902717706247
1218606659569954816
1218700361713823745
1218489425245691904
1218565139441557505
1218590203255934976
1218494741303779328
1218489942138974208
1218477244445753344
1218628606911565824
1218634493122228224
1218564947996762117
1218502855398739968
1218496019907870721
1218595769973985280
1218505922345099265
1218430504883630080
1218458220668256258
1218606273157050368
1218620226964742150
1218593226216570883
1218531191533588480
1218602130174631936
1218604049861312516
1218699790810255360
1218478256535502849
1218631263839510532
1218585322084294657
1218654902572015616
1218539229673861123
1218766075271294976
1218414579270737921
1218471454632763392
1218678553014886400
1218596136321212422
1218579734067589128
1218557361327046661
1218613790842986496
1218604673801904128
1218771816707215360
1218606026754285568
1218604710044864512
1218419343370878977
1218729938217504768
1218468304035205120
1218596640895971335
1218420984400809985
1218577787600232449
1218458917753237504
1218572108994879488
1218576670006882304
1218771875003871232
1218459088797028352
1218655429577912320
1218736090527432710
1218419311221641216
1218565688912154629
1218567964770869248
1218616561893806081
1218757798407831552
1218595534216269824
1218705923759362050
1218476709885943808
1218549025835831296
1218502726994317312
1218595820221714432
1218608373861683200
1218477893891903489
1218527876229881858
1218626205668212745
1218595602084352000
1218757621534142467
1218582413753929728
1218444004750172160
1218606164314927104
1218702094900834304
1218751207260532736
1218412704588759040
1218509130379530242
1218429864925106176
1218588657189380098
1218490219961384960
1218636906352783360
1218595690487721984
1218488348756660224
1218524729943961601
1218587220514418689
1218543376712261632
1218548648025436161
1218642189342978051
1218482167531130880
1218424554160304128
1218516378187112450
1218619839247462401
1218561351309762560
1218549700560855041
1218579773636648961
1218549851715182595
1218597690180882432
1218635418217930754
1218665309839728642
1218475591369986048
1218581603229847554
1218613810531008512
1218600888807362568
1218746167611265024
1218598885716910081
1218465843912347648
1218549174427365376
1218545565195218944
1218508381964644352
1218595140987650049
1218650328498941953
1218546522666815489
1218544145310068737
1218591717705818113
1218727891489390592
1218598961667354624
1218618212235075586
1218513432514891776
1218635449524269056
1218735812541657088
1218765822757425152
1218459462056521728
1218533672653074432
1218589748605988865
1218763950025846784
1218446184622297088
1218577378034757632
1218595109677289472
1218591875600396289
1218458193891860482
1218417556559667201
1218457562250608641
1218548711518851073
1218578907026415617
1218597193688518662
1218610443390017538
1218569421846958081
1218613897873231873
1218596160065232896
1218415508053282816
1218656910884462593
1218535379508375554
1218454636119674881
1218562157526294528
1218657151155130368
1218457908163366913
1218489038132465665
1218568297484079104
1218440331454230529
1218623897890885633
1218560551577694213
1218524180339220481
1218427209519632385
1218482599733157889
1218523374709813250
1218443486145523713
1218635711508893697
1218728444885970944
1218452477680349184
1218438706471809024
1218435831611973633
1218495406008668160
1218495268372598784
1218497802084458497
1218574119249305600
1218600144205238272
1218464807575326721
1218525960112308224
1218598847569711104
1218603384326049794
1218773271912636418
1218584965249732610
1218491986237435905
1218572176531623936
1218636512792907776
1218597231168761858
1218633900043505664
1218490368716673024
1218465376499093505
1218561262398976001
1218513999697981442
1218484121376296966
1218478807088357376
1218476333883445253
1218589903493222401
1218613439737794566
1218467272047636480
1218506778293477376
1218449844416794624
1218483006106755072
1218536693038571520
1218626370881884160
1218610231149768705
1218453263567261696
1218419829998264320
1218548683186241537
1218503172475490304
1218504924897607680
1218462851322478593
1218772710878216192
1218614307790913536
1218564931492241408
1218462697488035840
1218587852797247488
1218557749409218560
1218450132498354181
1218448764056240128
1218460002974826496
1218452281663918081
1218423656520593408
1218486739876098048
1218436838299504640
1218547508390981634
1218587817170870279
1218427744960294912
1218500080350781440
1218528036741472258
1218555391564550144
1218552380955992070
1218452538133008389
1218574063234355200
1218488413940338688
1218439600533843969
1218529357750095877
1218415196160581632
1218658382950944768
1218446553402265600
1218448091155718144
1218498780573683712
1218726272878239745
1218462853637836801
1218485997756985345
1218462695311249410
1218610408065503237
1218438846095986688
1218440827808243712
1218634278289969154
1218514017926438912
1218439812010651648
1218588199137746947
1218462843571523584
1218594723184640000
1218552299817185280
1218763678100664322
1218524165675913217
1218603902892986368
1218561662053122055
1218571662225965061
1218505186358038528
1218414457879175168
1218561137828122638
1218505726953500673
1218414923228811264
1218429693193588736
1218576284005085185
1218582756244017156
1218421358377521157
1218535610673238019
1218747616693030912
1218426395816288256
1218452525466210306
1218494868600823814
1218660376939835392
1218611298193289217
1218447480712507393
1218424985129230336
1218585589911576576
1218424163850911745
1218442904676384774
1218621276480327680
1218482895192543232
1218454649071636480
1218750734679801862
1218436774873194497
1218448964036546561
1218623027304370177
1218464458974146560
1218514087774167040
1218422237423902720
1218581775468896256
1218541069605974017
1218431849837613056
1218441434128404480
1218456385454669825
1218674773808599041
1218613087349235715
1218634962171310080
1218445494483111938
1218514007356858369
1218503942356623361
1218475424294080512
1218447554335203328
1218469687417352192
1218429739716825088
1218492232677892096
1218517653322637312
1218554580293881858
1218464423725223936
1218723908024782850
1218452155381796864
1218454244912771072
1218439517142757377
1218481084540899329
1218773271853838336
1218484286476767232
1218526047794335744
1218483299083046912
1218459709327527936
1218415987751436289
1218486025913360384
1218418286326579200
1218669563958714370
1218613009901412354
1218662817127071744
1218438067591307268
1218470882890473472
1218533493686390786
1218650346098233344
1218553129614090240
1218763088628977664
1218440263552720898
1218613801953779713
1218560550499766277
1218611474391863296
1218466866479407104
1218553564940918784
1218443027301240833
1218582646973960194
1218449738795835392
1218434118029127682
1218577833569726466
1218523546592468992
1218506500764852224
1218646305439977473
1218482984233394176
1218767261026209792
1218566698728599553
1218770031791804417
1218443786663157765
1218415327274586114
1218423639760166912
1218566495531388934
1218636283754504192
1218456050560643072
1218491492081205248
1218576321913159685
1218644752918249473
1218538342926733312
