1215883403259674624
1216229715117297669
1216046872563011584
1216101630279589889
1215910472895037441
1216090251447492608
1216142635586457602
1216083650296631298
1216227584318504960
1216078575163580417
1215931737311715328
1216209708471791616
1216081275120967680
1215957813169729538
1216094163604660224
1216081114554605568
1216014176440680448
1216031173010513923
1216037937533636608
1216015805470724098
1216043114764390401
1216094671421788161
1216123222111944704
1216151845103656961
1216085632499535877
1215960404268126209
1216147380766236673
1216109698329477121
1216060622577831936
1216088531740786688
1215910401558433792
1216147706768318464
1216140167314059264
1216209794949840896
1216114129985056770
1216182778766774272
1216140168475877377
1216156265451327488
1216055719000145920
1216047085713285129
1216031752810090502
1215901872336375808
1215963172529680386
1216119036716756992
1216129301969604608
1216200557427412992
1216231393958813696
1216099329422823424
1216045512295636992
1216079821803081729
1216066620646469632
1216140237396742147
1216165053986230272
1216069816160849921
1216090811458293760
1216182718893121536
1216125379108274176
1216076233366278146
1216123382292451328
1216082670570164225
1216165741457743874
1216043081700642816
1215994647895576577
1216054871385935873
1216012065393053696
1216089107098632193
1215991428133933058
1215881321622462470
1216082023477104646
1216083928316108804
1216011625012088832
1216165464751124480
1216140184124841984
1216078748623233024
1216111409714606081
1216081597667082242
1215958912194793472
1216119762293526528
1215886321459191808
1216089018699567109
1215928059674624001
1216151789168398337
1215996201654521857
1216127137394065418
1215994274384351232
1216163304579780613
1216096216624324610
1216081292934242304
1216156664383995904
1216110643708866560
1216095880840994818
1216046707143794694
1216157851841912832
1215909754247184384
1215917362098077696
1216215927714394114
1216085453104910337
1216002070022643713
1216133548836642816
1215888377540681728
1216189905208061953
1216054831644889090
1216094005680910336
1216065130456285185
1216084447612882945
1216081092584845313
1216168868122648576
1216025423567622146
1216155588201197570
1215959574999515137
1216091878208262145
1216012926701785088
1215937036588331008
1216021372994015233
1216077922211127297
1216058777113366529
1216204033695846400
1216066276742791169
1216072506160885760
1216165721224380416
1216080407990542340
1216022839045869568
1215996679159152640
1216168921516118016
1215941709139496961
1216212786277232646
1216092469273800706
1216002591026565125
1216154581006258177
1216079000033951745
1215926921055178752
1216014282804158471
1215964291641364486
1216168891564597248
1216047678410436610
1216027219987968002
1216215108667527169
1216005892916891648
1215929041066299392
1216052739685351424
1216010167961124870
1216140221626159104
1216027902732578816
1216084709475864578
1216009414920036352
1215970065633435654
1216105393274990592
1215958530819158016
1216203744066637825
1216045344875778050
1216114755989098496
1216173231025147905
1216041305589067776
1216019237791133697
1215998506885943297
1216099512185446400
1216100856447275009
1216166555777630209
1215964799286304768
1216088768370946049
1216046812777283585
1216089028002484225
1215895748858077185
1216047170245332992
1216150810612113409
1216130918521409542
1215907204080910336
1216070212807811073
1216043584723484672
1216209469304188934
1216060149871321088
1216090583053279232
1216172446971318274
1215971783066759168
1216067080006619136
1216133751207530501
1215888600488906753
1216144780197027842
1216024593716170757
1216051723422388226
1216089283087556608
1216129150781722625
1216143504759558145
1216050845202018304
1216010605674582022
1216139126992515072
1216140197886382080
1216078148154150913
1216065442630029312
1216155747140153345
1216084172705583104
1216052869125693441
1216050821634449408
1216032593730326529
1216163211898236929
1216052023138947074
1216142962683412480
1216052768491876353
1215911124165636096
1216066721678811137
1216154937958305794
1216084412728856578
1216169860159459328
1216084588973432834
1215917874138832896
1216161410729873408
1216168664493428741
1216125810249211908
1215921450001084417
1216075575787511809
1216095140365918210
1216105154413563905
1216235736502034432
1216044353195474944
1216091567712296960
1216170092582645761
1216133876923424769
1216043955449667584
1216108179093966848
1216116468078858246
1215916536667484165
1216062353885814785
1216153814123892737
1216165841429057537
1216072458241028097
1216052325619466240
1216205910739243008
1215900649294049280
1216140436793962497
1216088757637697538
1216109014871879684
1216234502722408448
1216043066106241024
1216118729072939008
1216167131127128064
1216081080664690699
1216075164254949379
1216111096488218624
1216050632655851520
1216155645499658241
1215996163050090506
1215956290742181889
1216016425296502797
1216007973522345985
1215997253757829120
1216021865921155074
1215968732909977611
1215875989151965184
1215959531211182080
1216094537367588864
1216228483631853569
1216145234150727680
1216041595507826690
1216019855448715266
1216047677064056837
1216111231418949632
1216092461795348482
1216131790622068736
1216110571273248770
1215989814991912962
1216058802694475776
1216090044122923008
1216168468342546432
1216094967246008322
1216060095274110981
1215923537086746625
1215997130776576000
1215881537788362752
1216040972242604034
1216172048021696513
1215965526435880965
1216073797134168070
1216139263965831168
1216049816238743552
1216016461090709504
1216082423349465096
1216096912438439937
1216010470034956289
1215998571838951430
1216156215258091520
1216098957882986498
1216094365619294208
1216088336303042562
1216027176081993730
1216192732718411777
1216025051079880704
1216168631526133766
1215960393752948738
1216048766022799361
1216113979224924162
1216123000032022529
1216083655757586432
1216089607844114432
1216040928139530241
1216089910026932224
1216223330455445504
1216227975789719553
1215922986819166213
1216080804905934849
1216082716149592065
1216189241602068480
1215916699905601536
1216156405318766593
1216055157152198656
1216008397096726536
1215972509142614016
1215995308452216832
1216084357108129795
1216079783366406144
1216092992894906371
1216157837786800130
1216233722376224773
1216106307377418242
1215970226791161857
1216080617089224704
1215944336900349952
1216139499476045824
1215920288657018882
1216008178162393092
1216114044521930754
1216100685319675904
1215995998725713926
1216065679213940736
1216021792080441344
1216074781235326976
1216086947539701760
1216111255339053056
1216105116220231682
1215936470315360259
1215931686279622657
1216034248064471041
1216031128362024961
1216124931471237120
1216178951523053574
1216090982736965632
1215988142148288517
1216074213842472969
1216065108553674752
1216004648001318912
1216144877358108678
1216117654924288000
1216088842719109127
1216083200633688065
1216213464114520065
1216021519782088704
1216052135609208832
1215970384148860928
1216175774207815680
1216010363264696324
1216081768677302273
1216106196320575488
1216228889976098817
1216043084485734401
1216122519096373248
1216213186606718976
1216149006830702593
1216181074608500738
1216047237173850114
1215929441303646209
1216059191682650119
1216021838154948608
1215960635948896256
1216013029466411008
1216043150139105280
1216040760992288773
1216106545789964289
1216109129477099520
1216086839326658561
1216037570582323203
1216062659520606212
1215998433577750528
1216177124031201280
1216155902744694785
1216158318168768514
1216002000342736896
1216055561042767872
1216105594035351554
1216105647357485056
1215958704870371329
1216211312373616640
1215919090835054592
1216211843884240896
1216083591605751810
1216047409916272640
1216092476034908162
1216024930472595456
1215966249198477313
1215986802881896448
1216133309161451521
1216110825037008897
1215980488130793473
1216034635488071686
1215992823448788994
1215919053635833856
1215986585155579906
1216237343834804224
1216145482671628288
1216069800163717120
1215947681845002241
1215977938358865920
1216227051956510720
1216040528380334080
1216146362519183361
1216012021088641025
1215992733988421633
1215923944060080129
1216015200345907200
1216092722152517633
1215890038971621376
1215935795862953986
1216075096546299907
1215928837403365376
1215941474874990592
1215929630043136001
1216215174941757443
1216020674889895936
1216058568409042949
1215967111702511616
1215942313647706112
1216222965177749505
1216043745143148544
1215909798392336385
1216148776647364609
1216221829834182656
1215920935993253888
1216072582954409984
1215950120354832384
1215936304451596290
1216062454939226112
1215950244866928641
1215934159056666624
1215936598665322497
1215920702878113792
1216211689672265729
1215970911842643968
1216218889396400128
1215992206361792512
1215925438029221888
1215962138566631430
1215939472115879938
1215876541474922497
1216050402984153088
1216227811595341826
1216205618744385543
1216024250542383104
1216002983219138564
1215880325584302091
1216135786107752448
1215934334965813248
1216041854086582272
1216061790217523201
1215936449167708161
1215980900137213957
1215911358094626816
1216055992124891136
1215993910998249472
1215880284056555520
1215994159494062081
1216075796873433090
1215999358468067328
1215911100824289280
1215962713727340544
1216124099036139521
1215973786077552640
1216075233641320449
1216000033994297345
1215935971902021632
1215920384010280960
1216003329354010625
1216092787218833408
1215999344266170368
1216021070265962498
1216023214524174337
1215936252501024769
1215918071057043456
1216129760285331456
1216000017493897216
1215921564623015936
1216001444119306241
1215994520019656705
1216053165453455361
1216025189051510785
1216122102836756480
1216012671990030339
1215962959383539712
1216230184506007554
1216049065693192193
1215950053438840832
1216131620257828866
1215992486444834816
1216217633953062912
1216027049950879744
1215928659376267264
1215947157985026048
1215950207340421120
1216101237273305088
1216189050744397825
1216016531752177664
1215999305313591296
1215890238901563392
1215993038348132354
1215984119525580800
1216074238307852288
1215888916684988416
1216221909790138370
1215947285286342657
1215960592584003584
1215933935340965888
1215972139439919104
1215902513242812416
1216002762237980673
1215890374897565697
1215882414133776384
1216037362574286848
1215892109884055553
1215909268945358849
1216221982896852993
1216060925423292419
1215946344579334144
1215950043527688193
1216020971607465985
1215958794188009472
1215895257579171841
1216215727624994816
1216080597531136001
1215934997519093766
1215945339502563331
1215933167082885125
1216024782405238784
1215932413043527681
1216118729072939008
1215931737311715328
1216027064626753537
1216045512295636992
1215875989151965184
1215900649294049280
1216219714885705730
1216219862189641728
1216088531740786688
1215920288657018882
1216168664493428741
1216008397096726536
1216077359117455360
1216235736502034432
1216127852724121600
1216084172705583104
1216018888510582786
1215881321622462470
1216084447612882945
1216101412989554688
1216052082391818241
1216128104697077760
1216079789007745026
1216010167961124870
1216051723422388226
1216079621164273665
1216021372994015233
1216074781235326976
1216047677064056837
1215921450001084417
1216085194236682243
1216088430230360068
1216003818183364612
1216084011669499909
1216081768677302273
1215910472895037441
1216108230377648131
1216168631526133766
1216088421384577025
1216131790622068736
1216098957882986498
1215958704870371329
1216228771487014912
1215960393752948738
1216155588201197570
1216079759555342337
1215958517368213504
1216096292444700682
1215995998725713926
1216083591605751810
1216128982124498944
1216035336670842881
1215960404268126209
1216125379108274176
1216139263965831168
1216027260777570307
1216028009473417216
1216003106904985600
1216054831644889090
1216073354655956996
1216084412728856578
1216017997711728640
1216224835933736960
1215957813169729538
1216078798292234241
1216220694607994883
1216084803725996033
1216220714828795904
1216057826579304448
1216156215258091520
1216210259091521536
1216047085713285129
1216044353195474944
1215963172529680386
1216110825037008897
1216096301902979072
1216090351183765504
1216066417306624001
1216035906198609921
1215881537788362752
1216135902386425861
1216089061242392576
1216119762293526528
1216210250921017344
1216012065393053696
1216149006830702593
1216079765918158850
1215929441303646209
1216122519096373248
1215914514048307200
