1216757660692951042
1216816301710155784
1216823285893210112
1216857053601456128
1216835136546799617
1216823136013955078
1216913890661015552
1216602336149364736
1216639179322535936
1216636621564600320
1216841203284574209
1216613588632326144
1216840567142932481
1216835487111008256
1216846851145637895
1216695526898487297
1216643121985064960
1216894593381343232
1216838505554497537
1216755125160751104
1216629254823088128
1216848013278220288
1216836705396891648
1216847207451832321
1216834892308385801
1216834652255723525
1216602498082967552
1216858156346871810
1216860262130683906
1216823444656009219
1216797589896683522
1216863983602479115
1216644983605878784
1216861190208573443
1216827689832796162
1216865006018449408
1216760443236179968
1216690392260927488
1216959298728865792
1216835827512365067
1216832387360968705
1216760281797361665
1216644031800840193
1216807311374721026
1216813429484400640
1216853715623272449
1216613671062818816
1216858912839950338
1216678581335539712
1216853635130413056
1216705180030423041
1216943768773021697
1216832514389630976
1216835757459038210
1216659530865692672
1216631755446398977
1216799939176599552
1216811452213972992
1216841192874422272
1216835591461130240
1216625484093624320
1216812572181258241
1216637034653241346
1216828665432092678
1216836456657903617
1216861978158936064
1216609976644460545
1216821468157353987
1216855743262887936
1216817586014433285
1216755541692710913
1216846131725926400
1216738640560316417
1216934628562554880
1216813619779964930
1216757191421632512
1216687200110182401
1216857712312668164
1216813302417776640
1216844901234724864
1216604901884735488
1216846036561485824
1216640515925598208
1216855169650044930
1216725048469442560
1216732709835419648
1216858631926419456
1216638403288215553
1216800595765493762
1216625352199626752
1216691442904715265
1216729546843729920
1216674840138125312
1216729457001750529
1216785984098050054
1216784399699570688
1216783122290937858
1216758760141742087
1216601022375825408
1216863056841437186
1216641917187915777
1216805729727844353
1216729158354722817
1216757153198940160
1216728753851764738
1216700344987738122
1216676936388415488
1216675978312851456
1216783931325976576
1216620742479171584
1216778892838670343
1216786416362876929
1216700255510679552
1216735433369051142
1216626468958228481
1216621346605740033
1216882121039544321
1216837401848565760
1216665516758241281
1216694336957689856
1216944479506173952
1216667527906045952
1216776320312627200
1216657607550816256
1216838193091436550
1216774989740986368
1216777573520285703
1216657216293478406
1216673231266033664
1216821564613758978
1216821344245092352
1216611612976656384
1216808340824756224
1216671593495191552
1216778088224382978
1216901352108036097
1216617898921381888
1216679244262232064
1216785179135660032
1216653675533303808
1216768113125052418
1216611251893293056
1216711657730256898
1216612911382134784
1216754182381875201
1216605595639451650
1216958678026346496
1216811815663034370
1216655466803146752
1216765622010417158
1216953411578540033
1216654354817724417
1216695640111165440
1216656098913972224
1216959761159159809
1216821138342412290
1216651584848965632
1216752167513661440
1216915799962726400
1216951535030231041
1216936723785175040
1216692819424956416
1216838397316206594
1216778384690307073
1216744230959353857
1216672452828418048
1216944405111889920
1216882002781229056
1216821431826251778
1216785780242354182
1216664331254927360
1216629224745861121
1216613243017408512
1216663539282325504
1216697091482963975
1216801764843970560
1216862470352121857
1216618582693629953
1216756258755284993
1216764058956967948
1216821684910657538
1216778310891581442
1216652639695507457
1216940503674916864
1216610506288586753
1216651594672066561
1216958757277765633
1216762421571964930
1216634041954234368
1216958951570493440
1216956008330940416
1216932335771377665
1216958689694883841
1216777894829133824
1216629800170926080
1216711886613491712
1216946980590628864
1216836456657903617
1216765964093661185
1216903188881838082
1216846131725926400
1216945759427362816
1216873726555447297
1216773854028275712
1216618177683165185
1216758645138108423
1216741498110251017
1216892512809422848
1216838366530023424
1216872847102091264
1216928844562694152
1216651025609871361
1216784829301305355
1216871767484043265
1216909338624708608
1216865006018449408
1216908032237547521
1216857053601456128
1216939915818209280
1216812572181258241
1216752288339038211
1216835487111008256
1216855169650044930
1216823708159037440
1216847207451832321
1216858156346871810
1216931317369184257
1216760443236179968
1216956866368081920
1216886776423485440
1216892988053499906
1216797589896683522
1216877104912109570
1216631755446398977
1216836705396891648
1216755675898044417
1216816301710155784
1216767061080387585
1216872040273186818
1216686453733953536
