1215804434183262211
1215680591183609858
1215522347526041600
1215625062121865216
1215771477447974912
1215804278323007492
1215662247969796097
1215776244991766536
1215795108374831104
1215544739401027584
1215845126469275648
1215872538221469699
1215797029047279616
1215806153587920896
1215687247284133888
1215856943107137536
1215848306129145856
1215738642599161857
1215687934067859458
1215760714339704835
1215774159453724676
1215841335556657153
1215665377843335168
1215519273084387328
1215526962401284096
1215801215407337472
1215732889117249537
1215865634984275974
1215662964583358468
1215795628355096576
1215607704347082753
1215804155647782913
1215829982196518912
1215632059382870016
1215814960221229056
1215765478523785216
1215540718636158976
1215872083231748096
1215757611175489536
1215841184653938688
1215673385763704833
1215637868112203776
1215664915765256192
1215688935994806274
1215531461526376448
1215803097584410629
1215545077138849793
1215799962279256064
1215523535755628545
1215649375059353603
1215788412596256768
1215518379781640194
1215587095110090752
1215590369473318912
1215591256891457536
1215654815390490624
1215694917026140161
1215618452486004736
1215854515553013767
1215650000887304193
1215523896872570880
1215668211330572289
1215592727385182208
1215757417524404230
1215590369284558848
1215609094234611714
1215673976590127111
1215607960199745537
1215700573154168832
1215681172006690816
1215619050543484930
1215703912092749824
1215714453532168192
1215614842196963328
1215762130106048513
1215609869648244736
1215652521164910592
1215731997257216000
1215613308616749056
1215610412038750209
1215604412049170438
1215576739801456641
1215652357058572288
1215794993857810434
1215767945600819200
1215605167904755712
1215577874872356866
1215595722898276352
1215824861593055234
1215562290419970048
1215538189965963264
1215727366992953345
1215753890760740864
1215607460997632004
1215621584616075265
1215659525778354177
1215655471643877376
1215643155648929793
1215654443045265408
1215535292922376192
1215586783666286592
1215595832847806465
1215608082958626816
1215604330243543040
1215523422266105859
1215658188021825536
1215648539726008321
1215588520229789696
1215761322085879812
1215569923348606978
1215550659992473600
1215871005429829632
1215601382360780800
1215659555843190784
1215784827925995521
1215587656685490177
1215651893214699521
1215604496744812545
1215582734791462914
1215601577890844674
1215596473989193728
1215702003323756544
1215569306089672705
1215570285266718721
1215600182823440385
1215679697477963776
1215751738000662528
1215653989590732802
1215781867900805120
1215733111511769094
1215801181743853569
1215570208896712704
1215684976881983488
1215866438726094848
1215726623665852417
1215849693734940673
1215704974698696710
1215599359691239424
1215595134085214208
1215684871554764800
1215652300942991360
1215566594686038016
1215557932840112129
1215728524285349893
1215573673299652608
1215647478269259776
1215586745196171264
1215587453161091074
1215570887652651009
1215735766829142019
1215632779423178752
1215694223757934595
1215765446508584967
1215596268942168064
1215536633195442176
1215598502505537536
1215787269119975424
1215655788347363334
1215644273061908489
1215528713724551174
1215744026944704517
1215791616860020736
1215652417007648775
1215631081527005184
1215652629667287040
1215794046905593857
1215586836069920770
1215579368824692738
1215873724739489792
1215741188889772033
1215584594914836480
1215602343787540481
1215623318394613762
1215630803608244227
1215587151510941696
1215570116655697920
1215613787375656962
1215608705187811329
1215831078512070657
1215653537721606144
1215603658454335489
1215646681938702341
1215638371411877888
1215524154235072513
1215592934185349125
1215825365018578944
1215557990713102337
1215765653631782912
1215595622037966848
1215680398363152392
1215718058372759552
1215675065834098690
1215849530475917312
1215603214827106304
1215588010047234051
1215570047042772995
1215864213543051264
1215535001065967617
1215590421776211968
1215534143485960192
1215627045042081792
1215661109006553090
1215602605759647744
1215541967238680576
1215707101961564162
1215699012101332997
1215610429491372032
1215680698482339853
1215586640325988354
1215593514077163520
1215654953878020099
1215573637962633216
1215639232913530883
1215655626849882119
1215874793481953280
1215606690856521729
1215580756367400961
1215619073826050048
1215728718401933313
1215722075870109697
1215797410213113861
1215599692123340803
1215660845801312256
1215727512610856963
1215621880130035712
1215773056095965184
1215654891991044096
1215598658529497089
1215654922366128129
1215655306732150797
1215589930182873090
1215656161510330374
1215624780822597633
1215837307695259648
1215704753004597250
1215597019982635008
1215582833865039872
1215718292742201349
1215587582119235584
1215789928845643777
1215538562663419904
1215740426671489026
1215580293849108481
1215692556392157184
1215597054774382592
1215605052217360384
1215586283487223809
1215804462180241409
1215538684625375237
1215751654508781568
1215822378795782144
1215608303331479552
1215583579712958464
1215587262546751488
1215646164739153923
1215618127578435584
1215754254901825538
1215571230113378305
1215716415476551685
1215718402729431040
1215586641148088321
1215607937269489664
1215617620231233536
1215622886817439744
1215680814589140992
1215604216787623936
1215738934124335105
1215605832030871554
1215631756361191425
1215757611175489536
1215738642599161857
1215799962279256064
1215771477447974912
1215872538221469699
1215662964583358468
1215795108374831104
1215687247284133888
1215841335556657153
1215797029047279616
1215664915765256192
1215774159453724676
1215732889117249537
1215661831450189825
1215662247969796097
1215722192798961664
1215693985928433671
