1212491550577643521
1212261036469948416
1212376623573549056
1212289533653467136
1212517296239005701
1212274156982669313
1212275197501493249
1212576341159292928
1212466048827633665
1212404902338715648
1212326547752968192
1212277224264613888
1212554418132049920
1212458477588795392
1212463216237989894
1212318680308166658
1212432047597338628
1212608194272468992
1212474400433430528
1212455446138818560
1212425861946859520
1212436638418296832
1212311889746759680
1212472142929055744
1212437430487437313
1212472584207523841
1212436803178913792
1212447119732346882
1212436773776830464
1212517194942369792
1212476397626765314
1212441606449770496
1212514868634570752
1212426135214145536
1212436634333003776
1212436579400241152
1212370297741021184
1212436649432506369
1212439125753810947
1212428204864090112
1212426947827052547
1212334063706673152
1212438779010670592
1212472157667807233
1212475217840365569
1212277945106128896
1212313283191091200
1212278154921988096
1212420978711650306
1212405873202618368
1212352506761793536
1212376623573549056
1212551250568450050
1212269525338656768
1212432893382926336
1212280201977184258
1212442354478698497
1212408498333659137
1212489297418432512
1212436297618472960
