1217149503628873729
1217047827362275328
1217178944782376961
1217113811313987584
1217166681967071233
1217185883335557125
1217148724830461953
1217231597356961792
1217151607563079681
1217202249040039936
1217146219891503104
1217151630052864000
1217107657305346048
1217145715882897410
1217026850305839106
1217174766513246208
1217150572656197633
1217139332487766016
1217179511722250240
1217207637001023488
1217136280854847488
1217165117156184070
1217000901153562625
1217079133483798528
1217108536494383108
1217133684937183234
1217102989162401795
1217096985225891851
1217143085806903297
1216979361099681792
1217166845695995904
1217277047053176833
1217185700635926531
1217094660222570496
1217107691254042627
1217072206943047681
1217324025556471808
1217305530504491008
1217056260715053056
1217298774311215105
1217065999817674752
1217159300658933761
1217095597863378944
1217095579848912896
1216986762469412864
1217142769350823938
1217002808999890946
1217139949738303491
1216989105227214850
1217125285679763457
1217108286463520771
1217107267243380736
1216995106114297856
1217142909906104320
1217036568181051393
1217149054997684224
1217151659589230594
1217129415651532803
1217097775869054978
1217325258698522625
1217064913383968775
1217218337618395136
1217289906835415040
1217129221446914049
1217065374019129350
1217128723042000897
1217129076500189185
1217325051198038016
1217166580628578304
1217323480154365952
1217315067034816517
1217311295504101377
1217165090979487744
1217148005633216519
1216973086609887233
1217164835219263490
1217164281042567169
1217151718615670784
1217318715827589120
1217164451234885636
1217165601795342338
1217191003553222657
1217217761308479489
1217033551125925888
1217169107222704138
1217203403811704832
1217200044060872704
1217175097024315392
1217311350269120512
1217165119299473409
1216973763822202880
1217198728026710017
1217033535393095680
1217311599523979265
1217311531786022922
1217033393671692288
1217197082601279488
1217041096657850373
1216963902543671296
1217179964640059393
1217124842086051840
1217314024750223361
1217196404428484608
1216963900287213568
1217122909694648321
1217212542755463176
1217180989514010625
1217172140727947266
1217320481499512832
1217200771399208960
1217159358750056453
1217033335383433217
1217164500622880770
1217038305201655808
1217014872036331521
1217309247094116352
1217233621448318977
1217186263767363584
1217144655097233408
1217152357479473157
1217184915143479297
1217183692617134083
1217165160672047104
1217314060452204545
1217125189122764800
1217196686063345668
1217182481469841418
1217169714373369857
1217164637709524993
1217312238048026626
1217311350118146048
1217030544355143681
1217222687510159360
1217320107543793666
1217246982022029316
1217141842007023618
1217168787948154881
1217182479217561601
1217164769272135680
1217311882882834432
1217183115279577090
1217034868191891457
1217173683388735491
1217318844009795584
1216966370115629056
1217121802482262016
1217125310170308609
1217164763660279808
1217320674278158336
1217033303376760832
1217179585399468033
1217189846386642945
1217165925667016707
1217291512943386626
1217058591456317440
1217028407101358080
1217129015154282497
1217032968146911233
1217164325984620546
1217321924726083587
1217033045859016704
1217164797533466624
1216965243684950016
1217183112477794305
1217123183016448001
1217187270370918408
1217314623524941826
1217165622188134409
1216964132244807680
1217165028715089921
1217124929461739520
1217164398495703041
1217319138105925632
1217141917017919488
1217165049535647745
1217126968006672392
1217196290209173504
1217164505718935552
1217229845081608193
1217172856884334598
1217197124040916994
1217171499297247236
1217179562712477696
1217167863410282498
1217152089090117632
1217218594225958912
1217165302183669762
1217194868918947841
1217174766026723328
1217196184072347649
1217164401909882882
1217316987241713664
1217165925868363781
1217216272309596161
1217147133758976001
1217218323341103110
1217169865162862594
1216973269666029569
1217196848798224385
1217041212542193664
1217073671904399360
1217053166312808448
1217208675837849606
1216964538303746050
1217175856067547139
1217266766897958913
1217122857219690496
1217318952000544777
1217317768078483456
1217261329498746883
1217126415310688257
1217170492018298881
1217196433805365250
1217319790559334406
1217232763167891456
1217164293977919489
1217020639443390464
1217291183405309952
1216985254088642560
1217203410795102213
1217165509281689600
1217188430590959624
1217164692394848259
1217166549020180481
1217181331769176067
1217196542521638912
1217164655745032192
1217268848153358336
1217164824385392648
1217002091962605569
1217285250268770305
1217159134946131968
1217217319476367360
1217317252917272577
1217185482121064451
1217199975886704640
1217165369254850560
1217166104205975556
1216963920218542080
1217174804954013697
1217121832635195392
1217215415966949382
1217104770298777600
1217067832766320640
1217165367539392512
1217196977768869894
1217175272870633473
1217140009184174081
1217178135780827138
1217121698408890368
1217165821954396161
1217183515713900544
1217201227404017667
1217042893615116288
1217164314014035969
1217196180792397825
1217087062672924675
1217125859989106688
1217287654305423363
1217165132469624834
1217196881555730432
1217167432055390208
1217316809151414272
1217131292598423557
1217164969365639169
1217204180714168321
1217033527344103424
1217202419072995331
1217201831098699776
1217165649891426307
1217315739247562752
1216999793014333445
1217196800320462853
1217170330940211202
1217165704551714819
1217316450345660416
1217031807973167104
1217166967968276483
1217165343950622720
1217286966087168001
1216971532955803650
1217164182744903681
1217196433239093251
1217181420948508672
1217170277945303040
1217164545854246913
1217196711006953473
1217164301263417344
1217144310765903872
1217164331273588738
1217311941955411968
1217304094118940672
1217151332752220162
1217312882339328002
1217164691610488844
1217325186615336960
1217313145112363008
1217220200929599488
1217164435531476998
1217168689029664768
1217151423726551040
1217177688890322948
1217060750914654208
1217164670802563079
1216964493370122240
1217181241411350529
1217168985067851777
1217065709395750913
1217122079801257989
1217165159443156992
1217164358175940619
1217164578909540354
1217308664626929664
1217174912621776898
1217159297295175681
1217204857431609345
1217110298634571777
1217145543660646401
1217174475705409536
1217165233531293696
1217164489424019456
1217164799458627584
1217290565689249792
1217304980031463424
1217124681637093377
1217317486661709825
1217200639731798019
1217123892977897473
1216964181334863872
1217121962633375749
1217164327247106048
1217179493670039552
1217064669120290818
1217212884146696192
1216977535944269825
1217151607563079681
1217177479011536896
1217142108559114240
1216983692821913600
1217147790679330818
1217162700708622342
1217244465737490432
1217174694627020800
1217277047053176833
1217151805639004161
1216986938424643586
1217102121201471494
1217133684937183234
1217170966612185088
1217018809846063104
1217145783046365189
1217043844778295296
1217323552036282368
1217108286463520771
1217156908521533441
1217174766513246208
1217166460105252865
1216995679421132800
1217048213057867776
1217157754739220480
1217040169037172736
1217171337132642305
1217156596637282304
1217151659589230594
1217167471213412352
1217032047711150086
1217042585673437186
1217158299071717376
1217226020455112705
1217023223646343168
1217212123333394432
1217143952551436288
1217122889918558208
1217000901153562625
1217148724830461953
1217135635552706560
1217164246334803969
1217149437073657856
1217102989162401795
1217291780997160960
1217185883335557125
1217109949366571008
1217095597863378944
1217113094532554753
1217196620976095233
1217262215457398785
1216986762469412864
1217163563975966721
1217166920929218561
1217165496983982080
1217026850305839106
1217167431380107265
1217125272123772928
1217144868797108225
1217139332487766016
1217175198702673922
1217167093273169921
1217193900944871429
1217103190409273346
1217203851801047040
1216963812378783744
