1214780022948536320
1214649288233500673
1214698988022239232
1214575741834276865
1214593986662412288
1214512473115709442
1214569522813919239
1214598048237707265
1214631358338875397
1214607746995302400
1214631674434084865
1214751020846370823
1214608024767213568
1214477421384208384
1214521289207156736
1214456001002430464
1214428894721454080
1214549219027161089
1214550175550726144
1214489350009999360
1214665459221647362
1214641120065572865
1214725269967327232
1214563202958118918
1214699098722451458
1214511429447028736
1214452686361448449
1214560923026780160
1214566964409950208
1214583132554440705
1214654619785322498
1214541796753203200
1214659205216559104
1214520699324436481
1214481968395702273
1214503489759514629
1214699469662371841
1214531503427850246
1214565408973316096
1214550559644160000
1214499228317356035
1214440502520619008
1214462883091890176
1214494362039664640
1214485630622818304
1214462082457972742
1214451901439315968
1214503086489772032
1214449419556442112
1214455386704625664
1214616737859219456
1214578916536602624
1214465990999859201
1214449636410302466
1214568262899515392
1214459787821363201
1214582104178200578
1214480039615647749
1214585659907813376
1214480085836816386
1214543242202619904
1214457437878657024
1214486782693257217
1214583296405000192
1214466145190924288
1214596507640487936
1214505100271607810
1214430897564536832
1214458695473664001
1214499957375488000
1214442592856952832
1214617017770225665
1214523258286100481
1214637823556493312
1214650808630947843
1214434854814846976
1214605426156875776
1214446028725858305
1214612501075243009
1214439429470904320
1214658994746331138
1214540654501597185
1214487997028208640
1214463651597475840
1214452838664945665
1214650940407631872
1214542172697088002
1214642851348393984
1214531503448903681
1214482746690674688
1214449394566795265
1214596722665644032
1214463278627340288
1214445853886341120
1214659195619950593
1214446124649635840
1214717297962541056
1214503112846782464
1214479868093702145
1214516008330944512
1214489389520367620
1214439519749062657
1214508746879250433
1214527858544168964
1214502174962663424
1214478952309374976
1214458740553998336
1214588773733941251
1214567007187660803
1214457144667447296
1214448987555667969
1214629656701394944
1214458197957890048
1214593906588946432
1214472208577441793
1214506967823028227
1214508890701910017
1214450916281257984
1214462034487783426
1214480468978159616
1214486597904871425
1214659226959790081
1214438436209336320
1214506936311435264
1214710212852166662
1214554146411630592
1214738157016666114
1214651909904228352
1214582876316020739
1214464005206622209
1214485017394585600
1214591018793938944
1214496860519436288
1214517356808024064
1214541357668274176
1214437556017872896
1214581936179601408
1214469737708736512
1214637065247346689
1214605132459126791
1214523336421720067
1214622964622249988
1214477080328654848
1214564108038619139
1214549183232970752
1214447538050347010
1214728091441995781
1214588162091212800
1214439180266278912
1214594323142103041
1214533694876200960
1214530719562768385
1214482149853802496
1214508826759708684
1214564464898396161
1214714271919157249
1214450933767299073
1214613108506927104
1214571332245098498
1214568222139150341
1214492297636777990
1214446181025222658
1214463204128120832
1214470365180809217
1214430498891747328
1214522291247362048
1214526373110439936
1214518379572269058
1214584343458451457
1214631565537484801
1214577916274782215
1214648617853579264
1214602241857986569
1214680043391275008
1214617310734012416
1214558424618323971
1214605177883365376
1214785721275420672
1214563888668147715
1214634944523313152
1214459105898835968
1214606903369719810
1214496789186928642
1214572597226151940
1214619252050866176
1214465453478875136
1214587214547603456
1214602701985726464
1214622055129395201
1214636101505372166
1214787035665489920
1214784253491372032
1214649967136198670
1214618350971695104
1214626985680486403
1214680067646857217
1214645053571907591
1214497236773752833
1214551900693180416
1214606741213720576
1214604754330013697
1214582375692341248
1214767366707523586
1214610276554854400
1214643817103663104
1214642965810954242
1214635442580131840
1214624004708937728
1214608137308844033
1214532741485740033
1214634963850665988
1214635065461936128
1214629740566503424
1214786346751086594
1214591545309093893
1214602139344998401
1214499211615637510
1214613377844158465
1214601169433178112
1214645027730841601
1214596045344247815
1214604644065910785
1214497062265466880
1214529527180861441
1214652462172377092
1214559557537554432
1214608150025904128
1214606263478374400
1214605693631766528
1214501094623236096
1214533765894201344
1214499465689804801
1214525769566871552
1214632816052334592
1214606182440226816
1214536759838687232
1214503455861161984
1214658479992049667
1214676109587030017
1214762307361923072
1214663777058217984
1214496416162340864
1214639391940980738
1214620528817905665
1214656950220267520
1214639439240192000
1214767340203720704
1214512671653007360
1214604844859842560
1214476324514873345
1214571516135911425
1214602583245033475
1214496444100554752
1214505756906708993
1214515409648586754
1214550935948660738
1214496179452551169
1214501818119663616
1214775179299168258
1214551216329560064
1214658341953310720
1214601162701385730
1214602842167791617
1214784387881086976
1214594694413455361
1214601095076560897
1214495837298053121
1214461157030944768
1214784484459057159
1214640969167048704
1214767757255938049
1214502001867923456
1214691048477405184
1214523555968405506
1214660654767988737
1214784620732002305
1214616056888774662
1214465460235882497
1214603083092758537
1214523370831785985
1214618263759572993
1214530269853696000
1214657092876984320
1214627753066205185
1214635117991354370
1214621315434516481
1214496593971490817
1214635060852379650
1214565864462155777
1214617194253955072
1214608244393619456
1214501806455361536
1214635059875110917
1214510717656809472
1214506782531432448
1214649628529975305
1214606145312165895
1214663171929194499
1214462253585580033
1214549205479542784
1214635368911441921
1214513115104251905
1214531452026728449
1214458432679501824
1214602380702093313
1214480673295208448
1214784440104345601
1214526413690281984
1214757707854569473
1214571727059128322
1214495019555606528
1214496902412156928
1214767723940634626
1214567615735185408
1214602722357530624
1214497011539619840
1214587115129987075
1214637836865064961
1214512125101723649
1214657548952985606
1214623686709436417
1214645465939169283
1214597947645734915
1214602766074699776
1214690980064112640
1214632133144252417
1214499152832483330
1214635170520850435
1214591628633165826
1214494454775779328
1214603169432588288
1214497366176194560
1214601149992652800
1214641223601991681
1214499958046515200
1214606388753829888
1214596485838495746
1214505888301690880
1214458311795458048
1214642724751757315
1214573028643872768
1214601064386830336
1214573370202832896
1214582296516419593
1214658526322274304
1214663341504897024
1214542909921517571
1214494660200144900
1214564095388610562
1214787306806218752
1214599511471001603
1214602678254342145
1214639269660246017
1214604284836372480
1214604927101788160
1214651022578266113
1214461028173537282
1214785127391408131
1214525197484736512
1214463995886940160
1214708029435891712
1214744196210446336
1214507038560194560
1214657327565070337
1214602987118776320
1214600701713756162
1214528355631943681
1214577781868240896
1214679202483621888
1214635136211443714
1214591549578862594
1214702127181901824
1214680560888688642
1214746455304556544
1214735466643243009
1214619143628034048
1214751020846370823
1214593986662412288
1214669081967771665
1214668604261703686
1214735977132052480
1214664976763412488
1214678323433000971
1214770847073878016
1214666458728407046
1214681236268040198
1214702094093103104
1214577916274782215
1214722895261425665
1214752636265730049
1214665143021395968
1214668110495662080
1214669355432251392
1214669693023408129
1214780022948536320
1214670515455086594
1214557331507146754
1214700358108401664
1214607746995302400
1214604328826294272
1214569323777417216
1214649885087154180
