1213596140748378114
1213557671166726144
1213564302013149184
1213558486962987008
1213654559400304641
1213420214127353858
1213466005957046272
1213548910012248067
1213384884913356801
1213556376858959872
1213575543620276236
1213498877921386496
1213570963075452934
1213561272136093702
1213542822244171787
1213415300626092033
1213556044095459330
1213566114346799114
1213696327151996930
1213451329340870656
1213466001490108416
1213580724999217153
1213549965391417344
1213563423772094464
1213577279491772417
1213679916857937920
1213654460523843584
1213618417233780736
1213607285605437442
1213652981578641408
1213677440490442752
1213511456253259776
1213511945107705861
1213415208640765952
1213574929993674753
1213523127424159744
1213343272455823360
1213404585487949824
1213467643535081473
1213652981578641408
1213510867968516101
1213549965391417344
1213590799797096448
1213447958798249984
1213605531706908673
1213507999630802944
1213516842167414784
1213535537614786561
1213548910012248067
1213506803104964609
1213415300626092033
1213489890542915584
1213498115036237829
1213455876557885441
1213508628973543424
1213434888713654272
1213380797169721345
1213556376858959872
1213420214127353858
1213580995779317760
1213556044095459330
1213501928015052805
1213623387790200845
1213543980522188801
