1218823004693704704
1219125590567112704
1218877136267816960
1218895904662544386
1218976882802266112
1218920556352937984
1218998996246634496
1218989930807996417
1219003635973132288
1218962986305511424
1219125118292590592
1219123189982339073
1218972665643290625
1218801516099694593
1218869412729626626
1218958119298093056
1219121773674930177
1218891274645843968
1219115781239255041
1219117421535154177
1218845522930425856
1219131334821629952
1218801970103955456
1219109239131639808
1218977094895636480
1219121835205328896
1218843982391848961
1218863090042920962
1218936394321743873
1219114081380184064
1219134165213421568
1219116779810754562
1219117124645457920
1219119684022349825
1218948334544617472
1219121031970983942
1219123068666372098
1218932111253614592
1219135365912715265
1218895927089541120
1219115276228317184
1218895549828599808
1218984730210840576
1219116850388393987
1218865767355232256
1218914941572349952
1218988596386058240
1219107881284489217
1218808613201960961
1218946514619379716
1219136018231644160
1219136274772234240
1218862111872471040
1219128697153867782
1218962983142985728
1218777698111279106
1219122698200190976
1218889402568642560
1219130971112591360
1219136246506827776
1218809401609539586
1218855744646328321
1218850387370938368
1218851913711738880
1219007947080118273
1219117050930454529
1218974197050986496
1218877199106891776
1219116976045527040
1218876880566280192
1219111478697000962
1219124093523570689
1218808960846831621
1219108958591385602
1219123972450680832
1219117310046359553
1218850140183764992
1219022469518020609
1219128243103641600
1219119407361921024
1218983622444814336
1218833640974581760
1218994579736842243
1219128685107826689
1218937998143819776
1218846895528906753
1218908013878226954
1219127575894724608
1219048794358239234
1218808467634388992
1218938758436982784
1219122100876861440
1218820597955821569
1219118788706291714
1218809077196824576
1218812267082539010
1219093536752177152
1219117953976885249
1218859262656548866
1219118573362335744
1218802761451495427
1219109428814848007
1219114328454049792
1218808413523718144
1218806283408756736
1218969437681987585
1219027746782949376
1219111428260597760
1218840941353631749
1219109079408357383
1218956286751997953
1218987504369430528
1219129477164412928
1219065935304237058
1219112485401264129
1219130597844684800
1218938690476498944
1219135090636267521
1218941638439002112
1218837936277540864
1219109038413225984
1218803462441447424
1218851269898653696
1218880854291886080
1218937483637002243
1219117025890652161
1218888591545380864
1219122045281275904
1218875528482082825
1218808540548288512
1218782132815921152
1219128445248200704
1219028019819569152
1218826978188582913
1218794426971148288
1218971226154192896
1219001215327129602
1218818407509807106
1218899440054034432
1219131289854451714
1219110713542823936
1218994763346710528
1219032909514006530
1218805731878735872
1219005791992254464
1218820390136446977
1219121851529646080
1218805782919237632
1218835649026916352
1218946189040783360
1218805582590812160
1219081666934779904
1218801098242371584
1218898664019709952
1218846019154337794
1219126476890611716
1218876687389163520
1218936799239843842
1219122818295779329
1218823183090049024
1218800009631731712
1219126181871616001
1219117015559962624
1218818060703993856
1218827273849229312
1218923427454750721
1218875016986550278
1218921136014139393
1219118056246521858
1218948807813103620
1218863110095765504
1218807885628571648
1219132009869729796
1218880788453720064
1218881682469769218
1219041482591461376
1218831667848261632
1219109134198542336
1218818147718963200
1219110260834799616
1219124157381861378
1219120453379330050
1218962990478888961
1218878212761116672
1218937038860406784
1218988530875142145
1218867220501143552
1218848494754127873
1219035985490731009
1219118386011082752
1219137436682465280
1219115436979126277
1218955611620233220
1219136492284628993
1219134486526427137
1218908869268819968
1218995710143684609
1218983796072042496
1219046470244016139
1219077986655395840
1218813342250225664
1219118090178433026
1219128503846809600
1219077309669560322
1218816842707480576
1219114594540707842
1219118881303945216
1218857182046892033
1218818724712591361
1218860021938823168
1218793976758767616
1218883701465059328
1218996359778402304
1219112145511702528
1219040926842150912
1219130985310310400
1218943045846077440
1219107586303238147
1219123709249761280
1219049223393595392
1219120062214238208
1218887470407917573
1218969295541231616
1218800794088112128
1219117127334055936
1219121749004034054
1218848072349949953
1218935395800535041
1219109672143204358
1218947796545478659
1218948758177796096
1218836801755938816
1219121939983323139
1218821957858287617
1218996580960915456
1218990873494671360
1218875751249973248
1219113018451206146
1218934427683905537
1218880829042122752
1218791332879261696
1219131628515184640
1219117606889836547
1218914093823938561
1218912143397085184
1218888262368092162
1218916122910773248
1218826566571966464
1219036767606714369
1219128985029922816
1219129788331364352
1218972977376694277
1218864010445164544
1219134250991013888
1218937952337846272
1218874990470320133
1219107454715420673
1218951389902180353
1219131334242770944
1219110368141893633
1219134964668731393
1218812484657827841
1218891715311960064
1219127857714167813
1218819549828730881
1218901446248321024
1218790378020708353
1218866141566840833
1218847268268318720
1218824499593768961
1219123541213437952
1218896041329790977
1218801453541797889
1218939999049134081
1218854703745900544
1218850517155295232
1218956341223591941
1219131752259706880
1218805275295191041
1219131256388182016
1219115976807141377
1218892112697155584
1218807851935846400
1218815976038375424
1219123135561203712
1218820953737695232
1219110179398213632
1218805956706013185
1219134918216835072
1219127394675630086
1219123452952633345
1218790474397503488
1218842391635025921
1219133904902393856
1219119764871827462
1218881047951265792
1219122636531388416
1218815943633244160
1218850515670487040
1218938503461056514
1219136795251744768
1218796158807617537
1218802166376402945
1219120975838633985
1218955851924430849
1218926145061695490
1218850392882188289
1219130086311501824
1218971448410365954
1219116999860719617
1219007180537573376
1218828562310057985
1219136360864452608
1218836511677960192
1218834248607596544
1218808218429935616
1218891512307765251
1219107653227556864
1218798370178969601
1218796571677999104
1219121247835033602
1218885816598089729
1219051556693336064
1219130837666607105
1219119486067990528
1218835195094355968
1218853700510326785
1218838006003576838
1219118646741676032
1219026597010911232
1219121982383542277
1218990078921408512
1218897524741885952
1219118859585761281
1218836083909316608
1218844125098926081
1219016870734573569
1218894321316810752
1218818638804856832
1218823556135636992
1218893382686330884
1219023842796023808
1219114522612523009
1219134342036951040
1218878285255327744
1219113552394493953
1219117728864382976
1219110571020374016
1219109886400901120
1218879436294062080
1219088368979582976
1219028050186244098
1219132757986680833
1218859196663390209
1218955611678937090
1218873238211694720
1219124600673636352
1218912990952611840
1219126945272815616
1218876634989760514
1218912637204992000
1219120195253473281
1218877788503052288
1219046076424052737
1218826372824682496
1218994399566270464
1218907983268270086
1218861944813297666
1219123049540263937
1219135589393498113
1218805145414328320
1218848342974791680
1219121596734021632
1218990070964854784
1218970185127907330
1219136550644146178
1218824196425506816
1218846516493811717
1218890545457778689
1219117882279452672
1218795221825310721
1219107280425234432
1218878824844341254
1218938018565775362
1218958536220258304
1218815931864035334
1218923299125809153
1219133634319437824
1218873869492281350
1218883731529850880
1218873175519440897
1219130398816509952
1218882935484534784
1218882992308924417
1218967915996774400
1218798203652448256
1218873599559446538
1219014948011106308
1219011408014299138
1218815636790562816
1218926452797845504
1218998972880248841
1219005598202769409
1219135013410811904
1219108997346754561
1219067617878532100
1218998012208390150
1218847839213772800
1218983241555828738
1218956962156752896
1218778189641801728
1219099976619438080
1218979904726810624
1219035548171624448
1218950280965951491
1218797282079973376
1218778063493877761
1218882735663652865
1219010407689596929
1219010387682775040
1219082630307569665
1219121813361512448
1219095213454561282
1218984722451308544
1219003502728503301
1218991005812260865
1219118167601053696
1219069828906078209
1219130715977211904
1218979290873827328
1219063676268957696
1218952287051223040
1219131843037089793
1219036564388564994
1219036194861961217
1219117518750650370
1219118134478745605
1219044059181797377
1219115404829908995
1218941642427764737
1218984806337466369
1218974041698160640
1218948938352472065
1218787198859927553
1219113730526601216
1218981121284870144
1218942335985356805
1219036751207063556
1219033945297358850
1218846482675257345
1218878569683804161
1218938296228896774
1219083517868609537
1219120214660591616
1218793729659756544
1219036316001886209
1218952544493412358
1218968720808251392
1218927885194612737
1219034845852073984
1218949762235412482
1218985577518960640
1219095701050810368
1218950988285009920
1218978487802961923
1218798436683866112
1218809946634145792
1218995482606829568
1218815376928145409
1219132618475700224
1219036837295149056
1219017619690467329
1218998075722731522
1219032857001299969
1219020796363968515
1219054119048175626
1219011933283782658
1218965985018941441
1218925655586373633
1218929956262219776
1218968118766292992
1218817298980536326
1218978643822682113
1219114875550564353
1218846669539856385
1219008472051855365
1219112652082950150
1218821032062210048
1219005625163829250
1219054455485796352
1219082147170045952
1218830214823845888
1219010594487128065
1218775750339432454
1218968815570243585
1219112655052574721
1219036092864909312
1219035711648731136
1219116353669431296
1219112382775119874
1218822331033931776
1219048323769929729
1218850445688438785
1219083265073733632
1219074456401993728
1218972326861197313
1218980139012411398
1219133081728229377
1219003857973456896
1219126649951789056
1219089627883212801
1219029562622910464
1219121394895785990
1219053328623198212
1219032301008564224
1219110046593966080
1218927498781691905
1219034742810607617
1219117962931703813
1218984632395403265
1218987911070343173
1218820724007342080
1219137211607781376
1218939971987562503
1219136251355373568
1218777539537260544
1219135324410077184
1218979339167027207
1218794936587386880
1218893171058409472
1218847808771575808
1218948972250832897
1219106893731377153
1219036238608510977
1219117912948117504
1219099025967931392
1218843046550425601
1218804875787669504
1218949206708228101
1219040769421475846
1219099730522923008
1218940334551552000
1218987058343174147
1219122243525103616
1219132342092095488
1218985306957000706
1219039845215100929
1219044393459552256
1219032103897247745
1218841687742713856
1219112671968137221
1219032316003131400
1218939258796417024
1219010328329060352
1218955868168949764
1218833234395648005
1218992310710677505
1218990326003720192
1219012282996396032
1218978516156461056
1219118531612200961
1219010211475791873
1219011734436040705
1218968764743671808
1219012367486476295
1218817080990097408
1218986567248773121
1218988442572468224
1219000534448967680
1218847678668451840
1218778092266774528
1219080098328064001
1219077309669560322
1218826566571966464
1218813670689574912
1218969075478605825
1218850140183764992
1218808220396945409
1219117025890652161
1218808540548288512
1219116779810754562
1218969295541231616
1218820597955821569
1218873238211694720
1219117050930454529
1218826933070376964
1218878285255327744
1218815884300410880
1218807300800073729
1219118788706291714
1218810465880551424
1218848072349949953
1218787748917714944
1219047580400857089
1219001163162562561
1218807527581868032
1219017432737730562
1218828818502311936
1218807082436132864
1219022469518020609
1219123541213437952
1219093008462897152
1218843982391848961
1219107280425234432
1218863618160283648
1218937038860406784
1218964462381694983
1218807714870112256
1218801516099694593
1218892112697155584
1218880788453720064
1218848342974791680
1219121773674930177
1218995710143684609
1219136018231644160
1219110571020374016
1219012725189287938
1218793976758767616
1218852115151491072
1218850584956026885
1218814550771929088
1218808366417555456
1218823663505543168
1218840978397765632
1218821574012346369
1219109134198542336
1218962124178972672
1219126901291323392
1219126476890611716
1219128985029922816
1218927459241996289
1218806283408756736
1218972439604056064
1218875016986550278
1218815870220238848
1218888262368092162
1218837788172410880
1218920498563817473
1218804545763016704
1218933328251887616
1218832070656561152
1219131289854451714
1218839938625626113
1218906103431430145
1218851348789301248
1218948807624445954
1218813825937543168
1219117124645457920
1218805371848024064
1218801453541797889
1219095832248684546
1219123452952633345
1219024213455056896
1218903437942886405
1218826978188582913
1219124157381861378
1219016431653646336
1218972665643290625
1218912143397085184
1218961941961547776
1218813517429649408
1218823847476154368
1218804986836082691
1219136550644146178
1219049158276976641
1218952428197904384
1218846501339877376
1218801970103955456
1218837700461191168
1219117606889836547
1218798370178969601
1218853700510326785
1218892138504691712
1218830734296846336
1218890124395794433
1218971894818463746
1218979385409253376
1218940983439777792
1218877495405162497
1218965774607507457
1218941607417974784
1218842853687930880
1218848402835898368
1218985696846852098
1218956566185107456
1218926448452521990
1218903133419659265
1218862798492573697
1219133088309174272
1218940708511457281
1218995489061986304
1218937352179023873
1218826597421080576
1218941978844520451
1218939417055891458
1218973353970667521
1218911079906127877
1218864861200953344
1218948224922374144
1219030943777816577
1218989894636392449
1218988089563058177
1218990449836351495
1218817144714137600
1219007547568422913
1218920046740766720
1218848803987632128
1218860810363162630
1218907779282427906
1218942125741617152
1219117620546482176
1218941044110299137
1218895874434183169
1218902459994734592
1218985058901680129
1218832623772012544
1218797433628626944
1218973073480781825
1218896254014496768
1218883454605152256
1218888429892665344
1218788116984745986
1218952636885540866
1218958961875001344
1219082375637938176
1218892062998892551
1218892818778927105
1218781750056378370
1218950300691836929
1218849458185744386
1218878125876092928
1218860085121896448
1218945353845702660
1218906580705587200
1219005542015938560
1218802173347336195
1218855415699689472
1219007457466421250
1218897700478967809
1218960569576935424
1218781201806348290
1218873865558003713
1218974077391659010
1218895766737104897
1218871045538615297
1219000837546090496
1218871448791633921
1218846986264367105
1218864958932422658
1218845033065041921
1219097759791439872
1218897564516397061
1218869824450965512
1219002949826945024
1218903883159916545
1218944046925787136
1218935664919576576
1218994143051112448
1219058394151182341
1218958613273817088
1218928454101540865
1219005387522879494
1218914140393287682
1218894769272672256
1218865858027671554
1218847228477026305
1219021690891653120
1218923414477516801
1218897358999687168
1218850564701917186
1218830914215649281
1218915423871217668
1218880739577516033
1218832313435508737
1218871294864830467
1218922843368513537
1218900306412605440
1218987817331765251
1218973687241756675
1218951331924336641
1218794298147319808
1218860128147070976
1218860665177280512
1218782934431301632
1218907932894646272
1218884842483605505
1218783139021185024
1218988503280820224
1219043932836892675
1218873220851535872
1218886000925126657
1218881153630920704
1219005749193510912
1218885002773049346
1218837944120893440
1219002762412937218
1218881965962727425
1218938566602084352
1218781227223863298
1218855216650641411
1218822396758691845
1218900177647435776
1218925210679771138
1218947908759965696
1218998515730468870
1218976826359517186
1219036594600062976
1218976148161515523
1218854272361623552
1218947452021223424
1218879366643490821
1219009710608867328
1218859494970732545
1219130320198520832
1218963357518180352
1218845963621666816
1218983409479036933
1218939210721304582
1218801971718696961
1218953317725896707
1218999052488052736
1218838541251366914
1218813077195542529
1218865585477636096
1218997258756284416
1218784236603355136
1218784617806946305
1219113762936033286
1218781369482063872
1218991285803024384
1218970031964532741
1218969797947535360
1218804036503244805
1218917124573364224
1218834652812730368
1218974878352707586
1218943892764221442
1219002226187866112
1218954105063907328
1218831747485511681
1218855793828737024
1218955408800452608
1218864038651875328
1218913031444410368
1219089206074642433
1218851479517306880
1218856851770630144
1218850689931235330
1218936848090828800
1218992687350714368
1218842997078536193
1218960882203529217
1218791527427792896
1218842766056337408
1218804984634073093
1218954822520639490
1218819850858049536
1218942121857687554
1218938419008507904
1218954836265328641
1218834185022050304
1218962365011632128
1219103630348910592
1218901332108681217
1218951614817587203
1218949007596191747
1218844874478407680
1218840786227421190
1218848230647246848
1219024610450010112
1218902890401738752
1218870012099821569
1218868141364785158
1218953174146527232
1218826048038633474
1218888876703567872
1218970051145097216
1218845028635881472
1218973971829399552
1218886723536654341
1219125178787123201
1218902527476928513
1218954799305166850
1218971662043033601
1218977293105881090
1218947412166959107
1218938236531367936
1219005761436758020
1218860580775383041
1218991248821882882
1218935342834896896
1219123227584233472
1218989546370686983
1218967263367352322
1218979291310034950
1218943188305694722
1218937943169126401
1218978027977281539
1218950548059316225
1218854925481975810
1218842716630585344
1218942457095839744
1218899283816124416
1218782526900228097
1218858125144592385
1219000431877283840
1219013035630694400
1218982039325675521
1218972453239709697
1218882112956387328
1218952297184735232
1218971470178803726
1218787500166123521
1218954804078219265
1219023384568385538
1218996178580320260
1218854938580856832
1218912295411232768
1218831176057655297
1218886045464481794
1218902220407803906
1218906773328945152
1218969944945307655
1218799180501716992
1218967751173251075
1218855941388546048
1219032893990809602
1218836880025845760
1218984151463972869
1218930328322158601
1218955117937987584
1218783321628561408
1218998919948095490
1218976126288236544
1218913000704352261
1218986647619952640
1218838468354244608
1218954514843295747
1218984421505798144
1218846513100730370
1218957370954526722
1218974859881041920
1218887815200759808
1218876101822492672
1218877716851720196
1218880594769133568
1218994236093321218
1218894329646854145
1218900592694890503
1218962800795504640
1218848400659054593
1218960087395504128
1218833465082306561
1219044331044179974
1218998847222972418
1218781543201759233
1218862361353826305
1218857344798535682
1218842539677114368
1218869312951324672
1218888560461348869
1218781242625273866
1218896115917115392
