1212712055339307009
1212700216639545344
1212692838007427073
1212614843229974528
1212761565897920513
1212836207429914625
1212837446200762369
1212901041882177536
1212811291963908096
1212692893397204994
1212653654928310272
1212821447380471808
1212829626285903872
1212824565958742016
1212773443403431937
1212631283508998144
1212860011447246849
1212669571573960704
1212923978022563840
1212852877598875648
1212785138456764417
1212829347880542208
1212828975241793536
1212813795321679872
1212822686998683648
1212882866079780864
1212964950672629760
1212852648950546432
1212829688768405509
1212835432997761025
1212919000868544513
1212852658823938048
1212771267356635137
1212623616887668737
1212669734145146890
1212669327473807360
1212760768321662976
1212665219010506752
1212971479803027456
1212808386254974976
1212941279761485825
1212821906497384453
1212829236748333056
1212806755014586373
1212943085262581760
1212800813082562560
1212908524562505728
1212811291963908096
1212829347880542208
1212937852843106305
1212919287146516480
1212828975241793536
1212907695323398144
1212614843229974528
1212910554584690693
1212911334955868160
1212869929038270464
1212720485559099393
1212900598506541056
1212681202806730758
1212660820410277888
1212636927809200128
1212827265962332160
1212638673436581889
1212630260111552513
1212947974176870405
