1219673386282037248
1219626088369917953
1219508830025015296
1219697970934943755
1219697393886777345
1219781034599993347
1219638537940885512
1219646864934494208
1219717595525455873
1219630727861587968
1219701384804585472
1219652911824764929
1219807580949827584
1219837118295543810
1219509199757086721
1219699470264422403
1219626751841783808
1219726908675457024
1219627098769371137
1219714753771331584
1219803219930558465
1219776416453201920
1219619535051010049
1219659428242345985
1219639228205805570
1219821249439899649
1219632382581624835
1219646899063529478
1219774781186166785
1219647735307042816
1219554360860073984
1219572270277984256
1219787379290071041
1219671850768326657
1219700731453878272
1219807487576236033
1219755058084093954
1219630391335714822
1219565534590783499
1219822876037197824
1219848983692095488
1219645995920896000
1219503776266182656
1219845231027412993
1219629708230393857
1219629202166755329
1219756598014480387
1219511386432249856
1219859668119572482
1219850544031961088
1219513122844807168
1219664643813203980
1219800117865304064
1219822375140843520
1219711262482845696
1219655503795625986
1219712873326370820
1219608749020794880
1219631080157929472
1219652164190134272
1219688244738170880
1219830442976739329
1219711097592336385
1219706936217808907
1219730578876047374
1219569604068102144
1219563905405550592
1219633294205243394
1219502645142065152
1219716747504291840
1219573196124512256
1219526407308693505
1219629551237697541
1219668992450756608
1219560421398585345
1219700916670095361
1219714341857112064
1219734128012288000
1219733935674023937
1219555252153790464
1219684336250867713
1219553393821306880
1219692407320608768
1219579478084595713
1219622413329162243
1219546135385329664
1219821739326066688
1219827682231320577
1219720442333876225
1219713287362949122
1219825711906803712
1219607640986263552
1219715152733462529
1219588195110793216
1219629234240589827
1219665229266804738
1219571693972336647
1219705782704300033
1219592749059641344
1219509622781960194
1219676889561948163
1219670801378684930
1219736347742785536
1219718811458293760
1219607800273408000
1219590305718185985
1219744634768936965
1219532480870567936
1219600161770561537
1219707367086006273
1219764953063788544
1219718213329674241
1219649169465520131
1219664868762099713
1219576440422834176
1219622572054208512
1219647939020316674
1219725909747535877
1219641571991224320
1219569631859499009
1219560422879059969
1219569803578544128
1219689317804711936
1219739654754308097
1219696595433873410
1219838591536418816
1219767693492064263
1219620532137660416
1219772370740826112
1219544863844245504
1219510576222822400
1219523874745999360
1219724997649936386
1219770028775682049
1219521371031719936
1219627478051885062
1219807932734492672
1219534250485190656
1219574664718114816
1219504761478766592
1219629661963145217
1219543718174261250
1219752685643104256
1219699432268034048
1219692323845570561
1219678517677502467
1219762499815387137
1219727997256839173
1219539046285955072
1219671679774986240
1219829851022155782
1219693805802328064
1219629238212603904
1219547134720204800
1219710281422721024
1219730284700229632
1219634313605664770
1219661638552387584
1219854298424729600
1219857466327957504
1219731038475366400
1219835632631066624
1219621007050313728
1219601687129870337
1219631573588422656
1219644784643641345
1219552356523790337
1219724463551500290
1219714111447150593
1219534207363559424
1219817828800442369
1219635085793689605
1219820914751295489
1219504592003772416
1219518098459561984
1219698791038816257
1219816002776514560
1219660216125607936
1219668385719558149
1219712340511395842
1219702924558753792
1219763950499307520
1219834905267449861
1219696755991810048
1219612493166804992
1219674570120101888
1219536265168683009
1219608963924348935
1219615166389800960
1219725486374387712
1219533691376021504
1219543813204606976
1219671610078244864
1219793714433921024
1219603945036881920
1219846523321757696
1219818393651511297
1219681062466420736
1219537990004944896
1219534743441674241
1219782023864254466
1219766847777710080
1219648422485078017
1219702355618336768
1219715051638136833
1219827907083882502
1219858777941430274
1219715505415651329
1219721150751813637
1219529018568916993
1219740694153256962
1219852426372702208
1219657035903590401
1219722011494227970
1219842166303928320
1219538317009739776
1219795228527415296
1219653296929091585
1219638552474062858
1219710660545781761
1219648507641987072
1219555034331013121
1219628751652343809
1219565394173857792
1219663517130874880
1219583603614670849
1219507411591057408
1219579952414236672
1219547840915156992
1219565767668256769
1219575504556187648
1219617685505478656
1219722459211096070
1219659862331838464
1219522375512940549
1219618391671156736
1219700691985408007
1219813968325357568
1219647703891746817
1219704424534245376
1219525054133940224
1219807471277158404
1219672734990577665
1219712435709521920
1219630111974215681
1219738132565962753
1219561298767335424
1219828306427752448
1219607531242315776
1219751856722862080
1219645219114835968
1219761024766750722
1219840450426810368
1219696227748462593
1219671021860610054
1219861187187367936
1219626144242290688
1219610434564771840
1219565342122561536
1219629052245483520
1219629355183362048
1219595398341439488
1219735057688076288
1219823528037572610
1219501193048670210
1219838346278637571
1219727461648420865
1219547025894772736
1219859341785870336
1219680483870695425
1219735661118402561
1219637713080590337
1219539265534726145
1219554512391811072
1219742740004646913
1219763206673006604
1219561592393797634
1219682957616697346
1219582853668917249
1219793181514051584
1219607143852183553
1219610454084980736
1219858466971561991
1219663200813244418
1219677542560550914
1219555966032785409
1219712722134347776
1219649719980449792
1219574114232545281
1219585637348728832
1219573746488561666
1219523281742712832
1219604689672646656
1219548779281571840
1219516278723022848
1219848092696174599
1219660304944115714
1219629198618320896
1219796425736933379
1219590576796028928
1219706949958283264
1219654645871792129
1219602531023773696
1219542003618340865
1219666284759015424
1219840904132993024
1219800225600151552
1219835196960317441
1219652855583399938
1219794004155469824
1219644368073777152
1219675076381102080
1219505694304538624
1219501095770361861
1219566453839552512
1219743614529609736
1219747730127572992
1219695681348173824
1219837445744791552
1219634962065915907
1219795889260257280
1219508069815554049
1219663774015270915
1219846069695262721
1219667044637036545
1219740322336518145
1219520974497943553
1219631827054362633
1219560038815191040
1219535435548057600
1219516266156904449
1219697400329199621
1219581029918429184
1219860389791440898
1219509269265031168
1219686527170760711
1219855312922038272
1219660952230137856
1219855139076562944
1219598215386935297
1219700846285422607
1219701571245703175
1219625713919090691
1219658934182731776
1219666599654887425
1219714697580240900
1219650988744855553
1219657757437153280
1219654262512287744
1219859529787199490
1219734196878544897
1219649736107577344
1219708917313425409
1219632330735865856
1219824641700659202
1219594772110770176
1219527496728764418
1219700176207720449
1219711092366159874
1219605708494331905
1219711495912722434
1219648687288332289
1219681060449071104
1219737790453362689
1219597389264089088
1219582915253657602
1219704319848714242
1219673282636668933
1219842710787559424
1219720652485210113
1219566119977209856
1219843853022384128
1219509059302436864
1219842142790701056
1219715928683839488
1219527834542186496
1219826312489115653
1219808426647347202
1219608936522928128
1219861953839030274
1219666909844713473
1219675651210383360
1219833311209672705
1219634899948384257
1219559211690070016
1219589041747828740
1219850243266809856
1219728842912301063
1219513737339723777
1219672706393739265
1219668861626306561
1219723482096979968
1219709511579131904
1219518655152771073
1219533050448633856
1219852443548184576
1219543374715392000
1219639188242518019
1219805582967832576
1219709038444908544
1219839830680621057
1219542250281164800
1219544450361438208
1219722875218878464
1219627962061987846
1219634639427555329
1219534556384169985
1219660863814107136
1219628906657079298
1219722078963818496
1219648020180078592
1219545402912976902
1219644180143779841
1219627644465094657
1219701534918881281
1219690629212659712
1219506978923393024
1219743576453787652
1219695079679377409
1219734998737211392
1219702689317126144
1219661378618888192
1219719290393415681
1219803674119147520
1219687625717579782
1219509108769984512
1219836070352891905
1219701026967752709
1219680125828112384
1219647294754168834
1219820896887681024
1219622328885223426
1219528115074093058
1219585226051145734
1219817646780309509
1219722084366147584
1219741437648162818
1219724607697104897
1219733453001961478
1219684236791308288
1219678276257488901
1219724553582235650
1219681855798116352
1219731937461403648
1219697451411693568
1219707133085831169
1219668118362107905
1219602902832091137
1219644116516122624
1219645333325668353
1219533988446064640
1219697647109443590
1219637387850141696
1219730733113266176
1219512950194626561
1219620465657962504
1219659709323599874
1219678028122480641
1219602095390777345
1219850388205117441
1219735451751342080
1219720678603182090
1219754607150338048
1219710985004515329
1219807173661876224
1219717459730665473
1219624469423099905
1219744600476340225
1219720062938107905
1219741060420853764
1219670613595316226
1219824362116784128
1219502710216699905
1219692526346678272
1219523001407942661
1219709033273270274
1219553735661277184
1219819348430409736
1219536124286099457
1219577580623466496
1219637204202463243
1219632872090480643
1219558125168140288
1219639535828684801
1219642588023664640
1219695472929099777
1219534874387738624
1219787757435936768
1219699950415642624
1219832633246568448
1219696357784608768
1219629907069849614
1219646839751958529
1219845099326201856
1219609589710229504
1219612221321437184
1219499966965714945
1219628389423820800
1219693590433226752
1219861705448218624
1219718283420749827
1219692011550388224
1219501746801795073
1219547456855334914
1219782569308323840
1219656476622565376
1219655216863350790
1219595157865144320
1219810596822097920
1219728662058147841
1219687997366525952
1219765223630000129
1219814183971192832
1219704221710213120
1219835598418128897
1219853034311819264
1219659851971907584
1219827410780262403
1219842161362993154
1219572508246056960
1219710566186520577
1219673529223974917
1219680338575876096
1219699014897106944
1219624684905467905
1219679768389570561
1219630632013303808
1219601289354600449
1219621514884063233
1219703482938220548
1219682005828456456
1219852520270397446
1219686637938139138
1219569204396949504
1219525634763960325
1219729387676979201
1219632131447689225
1219568805623615491
1219820650896023552
1219706588539367424
1219830097374523393
1219740775245918208
1219755121887862787
1219588735630823424
1219693088412766211
1219636240657547268
1219678265343991808
1219630777979285504
1219617576910802946
1219524699547471872
1219631752228102146
1219509397384323072
1219857492311781376
1219740601371058176
1219764639258632192
1219667220307107840
1219570663758999552
1219684621270552576
1219734600726900737
1219699334670946304
1219829847783956481
1219671153746370560
1219506916700905472
1219700459469971461
1219658835314511872
1219838936383655940
1219534357599309824
1219595775996579841
1219530971256696832
1219727654422765568
1219773467031166987
1219579129034674176
1219650796968607751
1219604806173630467
1219832538841133057
1219840019990503424
1219664431644364801
1219587168370380801
1219755665096429570
1219641308740014087
1219670887697408001
1219830162193145861
1219822170320384000
1219759855550025734
1219722076011089925
1219832749802082304
1219651309017665536
1219609363188457472
1219681872717979649
1219550914090094593
1219601808743682048
1219519999435472896
1219703020381966337
1219735887648645120
1219662951604539395
1219829855795269633
1219697595712450561
1219829645283090432
1219638247506292741
1219561565453783040
1219717412045697028
1219630068407902209
1219742382662569984
1219684368836370432
1219721890761256961
1219764221598142464
1219500097437884416
1219672348799926274
1219632065689407489
1219534316818092037
1219840592504610816
1219506616518750208
1219778005259751425
1219632623879888896
1219711449095864320
1219708738933874688
1219775017195581440
1219505348177989632
1219593981224464384
1219500951356264448
1219713938524459015
1219833601354883074
1219654738364588033
1219657252459765761
1219630658135429124
1219693561811210240
1219695336286978048
1219636276514770945
1219720738938052608
1219849396008951808
1219636645835804674
1219697893759684609
1219639208840658946
1219703911696818177
1219553509068152832
1219808803002122245
1219673147357782017
1219690508030791680
1219543480428527618
1219659158808604672
1219736318999191553
1219621802093305856
1219695379199021056
1219676381996556289
1219588989193203715
1219706670613483520
1219671062419595265
1219836529050292224
1219735377885442053
1219646432178843648
1219835228291784705
1219643221128642560
1219715611670073346
1219505492369858561
1219563048580546560
1219528367680167936
1219526606030622720
1219735157839745024
1219560223305682945
1219639353116430343
1219510151163654144
1219620980965900289
1219667734897840128
1219543315097497600
1219699755824996352
1219818748858839041
1219601203245408256
1219661252923928583
1219821811615047683
1219734161159835649
1219601481252450305
1219675417784864768
1219522516810706946
1219534576109965312
1219505059530203137
1219554333852930049
1219743533726420994
1219619682614829056
1219595540104728579
1219855881401225217
1219809697164943360
1219584976951435264
1219737779720073216
1219602915574321153
1219640042945236992
1219649773373882373
1219561590695002112
1219662281736445953
1219705490193764352
1219666970381029383
1219676517023866880
1219518708554641412
1219648237780467712
1219830102600617984
1219671787191054336
1219835739967455233
1219631154866900994
1219650720363962368
1219537198552420352
1219601858358054912
1219536406508462080
1219683577991852034
1219829640870670337
1219835576326684672
1219668731279953926
1219693773506170883
1219729263324286976
1219638613970956293
1219645559017037827
1219689372225802242
1219512299385434112
1219576556500242432
1219574872021635072
1219505027234004992
1219748491750182912
1219815889748422656
1219697173316521984
1219736371419656196
1219606752309760000
1219584213353205760
1219679554681409539
1219697924038369280
1219599340529995776
1219502224344330240
1219587539645992961
1219732552610697217
1219572986044391424
1219620913085321219
1219584009963016193
1219562339151896576
1219584150207975424
1219835282767384577
1219733562691399681
1219623878198276097
1219723215158816769
1219616760623697927
1219552715434549248
1219502079527587846
1219503683781656578
1219579797648629762
1219629556862201865
1219839556616433664
1219806243562446848
1219681004308312064
1219685816928276482
1219657190987960321
1219638393476395015
1219582615948288000
1219691015914901505
1219847074142916613
1219609443110879233
1219524104484769793
1219644406095077376
1219619140748697609
1219585092584136704
1219718237866405890
1219735491173666817
1219636642790694918
1219539119862353923
1219510137964105728
1219626259921195008
1219707070104195072
1219705478390996995
1219715079752634368
1219526407325388800
1219741880491167752
1219574749254295553
1219661064125722624
1219645258499227650
1219647570596847616
1219702296977846272
1219726338304757760
1219561955771461633
1219700842783223819
1219742744270319619
1219600837367955456
1219703971364950024
1219845643163840512
1219671556592406529
1219804296671375361
1219711524966748163
1219601043283173376
1219529618824343552
1219805133829287936
1219701733825417216
1219848133095628805
1219667528110219265
1219672079911542784
1219624486074449930
1219587224926334976
1219628096061628419
1219822759339085825
1219738765721264129
1219653449647820803
1219737055766482946
1219696492610539526
1219766388446748677
1219670308560523268
1219791054343458818
1219670060299628544
1219850244667715585
1219637754046402560
1219626179927461888
1219773386202796033
1219585120027467777
1219698074689376256
1219690957421137921
1219646132701290496
1219659710196015106
1219616336046886912
1219698377258164224
1219682615151792130
1219840758548783104
1219632242709929992
1219706835344797696
1219662225381740545
1219680246485737472
1219641678442659840
1219681095459004417
1219737739387637762
1219702704160886793
1219647087652081664
1219725515105325056
1219530476433506304
1219509730793676800
1219619925674708992
1219631460233240577
1219745516830982145
1219598014236545025
1219699637872922627
1219588913586671616
1219680319969857536
1219504072140763136
1219858916093374464
1219714958780399618
1219628425930891265
1219719602210557953
1219581229613441024
1219696582569996289
1219651371722596352
1219502866546810880
1219738210978410496
1219852545197297664
1219536062478987266
1219815713373708289
1219700503266975749
1219532651146698752
1219679381569884160
1219704029464465408
1219841654389137408
1219830679694991361
1219802191701200897
1219560136932499456
1219682227824578572
1219710812228653057
1219586825859321856
1219654526803873793
1219553862853570563
1219654412920147968
1219816183140102144
1219518529701138433
1219587582251630592
1219695356646129664
1219728935539429377
1219694480502247425
1219646660097335296
1219855099247251456
1219698645739737088
1219598595776708608
1219696370317131776
1219661309060493313
1219655551589679104
1219698768469266434
1219676666118787072
1219674895795261440
1219688462653235202
1219650156662050816
1219833077096165376
1219595454821945350
1219821464410566656
1219570201177530368
1219602956586311680
1219668573590822915
1219694561527836672
1219686718628159494
1219712659131719686
1219690740609093632
1219544794508087297
1219600395682697216
1219684250552803335
1219633961791520773
1219528152365576193
1219560482484424704
1219810368110891008
1219598063716708352
1219699225187045377
1219775086116458496
1219568418346749953
1219658627750993920
1219726050130829314
1219622880855711744
1219690881424510976
1219524086021394432
1219537750547931138
1219853783892664326
1219705945560961024
1219586213386051584
1219773658459099136
1219600543951327233
1219655147430776833
1219758354861522944
1219548049078394881
1219748665683861504
1219668733301612544
1219844711894130689
1219515227391307776
1219754198302175238
1219706850133925893
1219697680705781762
1219596707740164096
1219832818156654592
1219680725219401729
1219601497769631745
1219822402449944579
1219511742180614144
1219513919577972737
1219730286226944000
1219561995705430016
1219733946646323201
1219676229390958593
1219646161755099136
1219710945930305536
1219826631948275712
1219694819188051968
1219503417011339273
1219659341474816000
1219598729881247744
1219828207874199552
1219519076776714240
1219703013033627655
1219613492623355906
1219679115432820739
1219821960013676550
1219608941820370945
1219734125235433472
1219836421646770177
1219693673262276611
1219735154186428416
1219729931099353089
1219617673593737218
1219697503001554944
1219615104305651712
1219601114422829057
1219629505314160651
1219811515718684672
1219714899133239300
1219654444041883649
1219594941556543488
1219577747175067649
1219758027991023616
1219714654328565760
1219517733659926529
1219500704177496064
1219694002469003265
1219646323256893440
1219849443744387072
1219669837452120069
1219623580067074051
1219813751278505984
1219645806258589697
1219724396014854144
1219593645843795969
1219741410859065344
1219511196115664896
1219593000130465792
1219570796642951168
1219569331937447936
1219832375678554112
1219829650739908608
1219677050241290241
1219650056263028736
1219666502217060352
1219732332392919040
1219668478329675776
1219552034480885761
1219606882450661379
1219608186405236736
1219652539378999301
1219729127550390273
1219515488218296326
1219665779634987014
1219643205802758145
1219514236365393920
1219560448070164480
1219826335817838592
1219655436179247104
1219630704901881856
1219860833586622464
1219710890435665921
1219530162326339585
1219696936594354177
1219667999591976961
1219547354929471488
1219829454979112960
1219658392828088323
1219501124698419200
1219716943705464832
1219667724592459777
1219500796448067584
1219665277954220032
1219670444678221825
1219657897757618176
1219830461003968512
1219669294268715014
1219633738809823233
1219729608825851925
1219510862261694465
1219673827795525642
1219707099107745793
1219657306150973440
1219660056683257858
1219837084669743105
1219837711936258048
1219644344631734272
1219737875975213056
1219829891790667776
1219638154208083970
1219505385649909762
1219603985331621888
1219540416887971841
1219677816326905856
1219629285134290945
1219563468946333697
1219816137719975936
1219702143646605313
1219564928203415552
1219533240488407042
1219505261917827073
1219731941202825225
1219739425418219520
1219748505415290880
1219699052067139584
1219576567266979842
1219585042902589440
1219636136047411208
1219637601487007747
1219624776215465985
1219819451270541313
1219629289928298496
1219734686370496513
1219661054831210497
1219630869159251974
1219522213465985026
1219724630778359811
1219647780823752704
1219847387776274432
1219857858206015490
1219638839641288705
1219618774925611018
1219540101556002816
1219703019811561475
1219805553540718592
1219619533159325703
1219516915632287744
1219579936853446656
1219693639187693569
1219589058202161152
1219776417879248897
1219552680722550785
1219541872227557376
1219685805674979330
1219715312570060805
1219631019600556032
1219513490270015488
1219665405058473986
1219683993764990979
1219584881111568384
1219544123709034497
1219606749377966081
1219523402672824321
1219683965197594624
1219663958346555392
1219850191513235457
1219635747214581760
1219628873069088768
1219503641859710976
1219700869349937152
1219703800807743488
1219660790732595200
1219641126090616832
1219682323366465536
1219639300444299268
1219657437394939905
1219657892506284035
1219512987419074560
1219574389752107008
1219731880335028224
1219647636531294217
1219703479943532545
1219706459518357504
1219627787927072771
1219639962183905282
1219691874539188224
1219854245047959552
1219556696672129029
1219646458556813312
1219674544782311425
1219630863887097862
1219722235730124801
1219815992467107841
1219722352428232704
1219770322129510400
1219510090375532544
1219684503649705984
1219679623782465543
1219661907130486785
1219622917559980037
1219711618797461504
1219694814679138308
1219755352578842626
1219663483710705664
1219817272317022208
1219601820781285378
1219634701633236992
1219847384332742657
1219664580445720578
1219745290804027393
1219707000096985088
1219724400985083906
1219516041170235392
1219630029757394948
1219703344287166465
1219823423045750784
1219519337582792704
1219820744919715840
1219676895383556098
1219717015423897600
1219570713235017730
1219630149748039683
1219517361750974464
1219674911771365377
1219860422213455872
1219661741107351553
1219790442386141185
1219710255019495425
1219814500586659841
1219701480657166336
1219703950804426753
1219728116517670917
1219619405166010368
1219832574635397121
1219630543828070400
1219787912650248192
1219524132762722304
1219634947696316416
1219633290883272706
1219526050067156992
1219810948023758848
1219597004894023691
1219680203158556672
1219629218209894404
1219737371685670912
1219814584510484480
1219545070665256961
1219667167249141762
1219658916818247680
1219739991577894912
1219554114352439296
1219680201929523202
1219857704744816640
1219601482636546048
1219513115647279106
1219755279761510401
1219743751343628294
1219697341285982219
1219830448723046400
1219574793621639168
1219857796214218752
1219687723725991947
1219836346128314368
1219651815849037830
1219739827614167040
1219723822372466688
1219665355355906049
1219714654269857792
1219652723420909576
1219519290837274624
1219530146341892097
1219709515156873217
1219717957368061957
1219711063433846785
1219817011477245952
1219751186074685442
1219582519030550529
1219663303049449472
1219837673306718209
1219530318904020997
1219635423456174087
1219631885296578560
1219820601050914816
1219684983201304579
1219637152998477824
1219843805349842946
1219577262221275136
1219764349461463041
1219562628097413120
1219643812479406081
1219828398303993856
1219650559889879041
1219697312286609410
1219780563386732545
1219564319043653637
1219527190020329472
1219700633139392512
1219787009893400576
1219632607698264066
1219706242349838337
1219687233487282176
1219718577160364034
1219766003044962305
1219650181303586817
1219852411461746688
1219722965648138245
1219706184191696896
1219670316684906497
1219659736246824960
1219855054154485760
1219730272247328772
1219520132466249728
1219840124525187073
1219729154507190279
1219684397500121088
1219809614335807488
1219633005335060483
1219724046646026240
1219713881104420866
1219547584643117056
1219752885090750464
1219655772658900992
1219634713977114627
1219551555319320579
1219825905910140928
1219633773014409226
1219749836393779200
1219521630977830912
1219622220437315586
1219538338086039552
1219602247040016385
1219607084192452608
1219705393225588736
1219726361792778248
1219693332017958914
1219657245501337604
1219597060120436736
1219617655885156352
1219587210279825409
1219831053524881408
1219593433238638594
1219698213722185730
1219546305116168192
1219728136398688257
1219530841187069952
1219629413354156033
1219693982235623426
1219558169887809536
1219700555204919298
1219764293178138624
1219646119841538049
1219591916796420097
1219732975819997184
1219605568547098624
1219655453963145217
1219733828505415680
1219745181102198784
1219540418754465792
1219625335291088896
1219614135509495808
1219849052499709952
1219593468277936128
1219678719138324480
1219689967708000256
1219674705986293760
1219704167356227585
1219721735622352897
1219843215790104578
1219570428550754304
1219652599294701568
1219575364696985600
1219586768783183873
1219714241214722049
1219666528897028098
1219835446546653184
1219716803921960961
1219584930637893632
1219786031198887937
1219671386811056130
1219631482081292289
1219556973294866435
1219654542725435392
1219812703210024960
1219657786537205760
1219813181750640641
1219722953958600705
1219664987528011781
1219740018509582338
1219714434068819968
1219667884215095297
1219753092088057861
1219636042531319810
1219643353672843264
1219854489433378816
1219510484996628480
1219772119422308353
1219683103146422273
1219660146844094464
1219669340179652610
1219687200889196544
1219655481247064065
1219644410922786820
1219584334232985600
1219699007196422144
1219632242684764161
1219648393074618368
1219649120463413250
1219638913721163779
1219723612137172992
1219506602832748544
1219502680327913472
1219583383363342336
1219652581259124736
1219732623314112516
1219636393837723653
1219550705737924608
1219861420545904640
1219538287741865985
1219657657159733251
1219585702855356416
1219663701730525188
1219637668595761155
1219506827282538497
1219842866119397376
1219800630291726338
1219603839256424448
1219686222811090944
1219645191545487360
1219681878824955904
1219699452879032320
1219676354473529357
1219765133905403904
1219808168844374016
1219712440696475649
1219678374983016450
1219699455487889408
1219513831682166784
1219634926263382016
1219664590285557760
1219666354896343042
1219715148870488070
1219581745479258112
1219723644005470209
1219837061806641153
1219788857853587456
1219672069346078721
1219849016437100545
1219651372469100544
1219729813818290182
1219838044624379904
1219729688383410184
1219631806191931394
1219820490078015490
1219707323184271362
1219746708604833792
1219616612027916289
1219615120541618177
1219587667010170882
1219734938779627520
1219556549846278144
1219585358163316736
1219706736640249862
1219658887089000448
1219630886293069826
1219513799046287361
1219664912210911232
1219680740402778112
1219822907179794433
1219759398861574145
1219769513815822336
1219629505762988032
1219501145862918146
1219638335704064001
1219838620040863749
1219726549219532803
1219509549335486465
1219648540382810113
1219572788345950208
1219628507627773957
1219725002926444547
1219807139159474177
1219602945358036992
1219671689430282241
1219855285776527360
1219702676696522752
1219673499721256961
1219783170327023616
1219641852867096577
1219634686613430272
1219733900131479552
1219579652777422848
1219635929087971328
1219608774366900224
1219728401738629121
1219702914014420992
1219739825605173250
1219773089367674881
1219717239227801602
1219645988832448513
1219642831184199682
1219561789442154496
1219592439394115586
1219626187644907523
1219679361365880833
1219755182667522054
1219853758223540224
1219668645195997187
1219765926503112704
1219807881182224389
1219760325622411265
1219508459319824385
1219667042879578112
1219732909273296896
1219702960050987008
1219535614841765888
1219860490941235201
1219586371146436608
1219672267547787265
1219560103256428545
1219640318716469248
1219724596716490755
1219744868995493888
1219798450151284738
1219827500571860992
1219586221355274242
1219644982405083136
1219662191546290178
1219600708695138304
1219702543346995201
1219677111058825223
1219677640879198208
1219840983980003328
1219727718675251201
1219707193559261184
1219688549882236929
1219575787730407424
1219673913002811392
1219609924575035394
1219572416558575621
1219819644053270530
1219505809282957312
1219804137098969088
1219592522948849666
1219520476206313473
1219559884108091392
1219665317250654208
1219698937302482947
1219564055641448449
1219534396379799552
1219722070105427975
1219835697227599873
1219831524805238791
1219713598794215424
1219702732635942915
1219650931538702337
1219775498718515200
1219680908250361856
1219704150054842369
1219628951628320773
1219860123788742661
1219732850913751042
1219651681148907521
1219630369097633793
1219668215913119745
1219758608000462848
1219857332143894528
1219860687108874240
1219656258313125889
1219621903679270912
1219630898620043267
1219503610024943619
1219750151432163328
1219688335960158214
1219671995786375168
1219711194015195139
1219705027922669568
1219541254242996224
1219527940159025152
1219645814865305602
1219830788998430720
1219693562163597319
1219825152386617344
1219728670950150144
1219787024611278853
1219712574285066242
1219754756459171843
1219630526962765825
1219731421922766851
1219668424462344192
1219647606726500352
1219645860700618753
1219590038918397953
1219689359747751943
1219686659719159808
1219515698617167872
1219681724675870721
1219523268559998978
1219636937188876288
1219668557895733248
1219664950920196097
1219760663381323776
1219728997795364864
1219847826852761601
1219536245182935040
1219663550802792448
1219700797178634242
1219668433039654913
1219810888473088000
1219636169329213442
1219644087160184832
1219743713926303750
1219811385921527808
1219839120010371072
1219631951969243136
1219737553080922112
1219693957157752832
1219672596259708928
1219711945709957121
1219635972075290624
1219631598196445185
1219694113781702656
1219634566236987393
1219673991130025994
1219558378168557569
1219716566465556482
1219641070557986816
1219852613958676480
1219543927545651201
1219697388207644676
1219723805922295808
1219739088447852551
1219700049158066176
1219634189579976706
1219782536395657216
1219673442901020674
1219632668180086786
1219536501802926081
1219719311478136833
1219615132030029824
1219597662468608002
1219627189039255554
1219509193855721476
1219636048264867843
1219565603410907141
1219821724134526977
1219663289661247489
1219540730273845248
1219520130067181570
1219505261091676161
1219720235453992960
1219818139262816257
1219536596279681025
1219678001446735872
1219525711729496065
1219629986128199680
1219751488668520449
1219738125481730048
1219715172127866881
1219639109532209156
1219726339164594177
1219518223017750529
1219702031302176768
1219834416651997185
1219562969824141315
1219838796168159232
1219701350801518593
1219548853587890176
1219733330486231040
1219605705008828421
1219558277425569793
1219641751541035015
1219740804094332928
1219664794678108161
1219560458857807873
1219814016161284096
1219556259017515014
1219565298493222912
1219655904385171456
1219539757346312192
1219701563226316801
1219731192947335168
1219515658699862016
1219580595782717442
1219697859404038144
1219668123449745409
1219586623626629121
1219702050293985281
1219751473220923397
1219531882523742208
1219812328188891137
1219673388656087041
1219656020877881344
1219527821229461505
1219710289450557440
1219746723972681733
1219665407352672257
1219707740592971776
1219819841655398402
1219805632053690369
1219535371803004928
1219705423063920642
1219705269120270336
1219685611633856520
1219526466842644480
1219798883473248258
1219856719607746565
1219539301383442433
1219604848016089088
1219659887380246528
1219556737549774848
1219625060203450368
1219727878528667648
1219850533382639616
1219806890663862272
1219514496068259840
1219820225660669952
1219532688916451329
1219510304670932992
1219667976850485248
1219602548509855745
1219810568724459520
1219513851756060672
1219652711030804482
1219742206682181634
1219672833141420034
1219795180020256770
1219734780268482560
1219644842810249217
1219686830385303552
1219839363821031427
1219679387357863936
1219673516070465536
1219676899674329088
1219558231078469633
1219649061546090496
1219528338240352256
1219732594255941632
1219674576273145858
1219637389406146565
1219701319562399745
1219675347211427847
1219657045747564544
1219852718401081344
1219580717572771840
1219569780270694400
1219690547826384896
1219603375463063553
1219542428996243456
1219675389003542531
1219753001214189576
1219621417576210433
1219727276063019011
1219725093590441984
1219629099813044224
1219722674903158784
1219619669914660865
1219715106935922691
1219733273028546566
1219820744760287232
1219663185659277314
1219654623063085057
1219549305427693574
1219581468105760768
1219734953321168896
1219539407872675840
1219806654058942465
1219716990845276161
1219711069737766913
1219760595911823360
1219698822026342400
1219543882234564608
1219507571024941056
1219743210823733248
1219629990125412357
1219707520966479872
1219844691790913536
1219564710447714304
1219819165508427776
1219707784448614400
1219794892903321600
1219500943730974720
1219639751344623617
1219633028311474176
1219500847626964992
1219509044018339840
1219689179686297601
1219771663417516034
1219698208626106368
1219666053283926016
1219692933433188355
1219712276413984768
1219746383768576000
1219743646611800064
1219554384755023873
1219546592597901315
1219811685910896640
1219645604634288128
1219540271538589697
1219605859883520000
1219650061875007489
1219654494751002624
1219704256917397504
1219734901982998528
1219810203337576448
1219599629404319746
1219629933191999489
1219668293801402370
1219578738427486208
1219630509556490241
1219629615112708103
1219529223444058112
1219716945760653313
1219822824161980417
1219833929320017920
1219670841912446977
1219532165505044480
1219599400173031425
1219535299019264001
1219620058474827779
1219661555903750144
1219518430816149504
1219694132437843968
1219529190774595586
1219725326147825664
1219504968031514625
1219762307133321216
1219834942118662144
1219667236425736192
1219712026747994120
1219860005387669504
1219768010262622208
1219790545448579072
1219745960009576448
1219572586444722176
1219662915130798080
1219592000577646593
1219809343333335040
1219541762882134016
1219793901416075266
1219595303218810881
1219635342912913409
1219695507053916163
1219714055277023234
1219718204731379712
1219699947622273025
1219856268673855489
1219833153432576000
1219700316364558336
1219697603060871173
1219824689025110018
1219749199417311232
1219845949675040768
1219607526595010563
1219648036726628354
1219820570054995969
1219682834933329923
1219649308573741056
1219694058064556033
1219676265160093696
1219531845320265728
1219569944838529024
1219531586024230912
1219529019789643776
1219525827282587648
1219645213905424385
1219667023170621442
1219689604355436545
1219708769896144896
1219659242434711557
1219585878361767944
1219712006229499904
1219849243055337472
1219666232766541824
1219720680729649153
1219814192884088833
1219680186788122625
1219721631674851328
1219538178773803008
1219648806498848775
1219692447426629632
1219772309268987910
1219724625694920705
1219598716216147969
1219638394202009602
1219853049818038272
1219715035267727362
1219683475340562438
1219643846289772544
1219586394143830017
1219716985761812480
1219622396178595840
1219812364494819330
1219670546230673409
1219528511821619200
1219638483918163975
1219697306846605312
1219565516580433920
1219859264249958400
1219821796599443458
1219721878320943105
1219648102195437570
1219690961250504705
1219632252335939592
1219829927442354178
1219540328006455296
1219857937906180096
1219746076158300160
1219678804643323905
1219586791453405184
1219736862635560960
1219686188199632901
1219834708202311680
1219715501544419328
1219540462001971201
1219663530913341440
1219698960794836997
1219544919880224769
1219697292103639040
1219696826678419456
1219842925191991296
1219790487583952896
1219789351422435328
1219849168707104768
1219659059298820096
1219718067745435649
1219658209524436993
1219624735442640897
1219857709866065920
1219822189740003334
1219540432713023489
1219523236888793089
1219524329349820416
1219617247137882118
1219584038572306434
1219593527019163649
1219829321180897285
1219832812297166848
1219727661636956161
1219550603111739393
1219583532751904770
1219744969587675136
1219696482762227713
1219511098963103745
1219538493006925826
1219563037448904704
1219662674134470657
1219846808307994625
1219727964256063494
1219649833981612033
1219834170802954240
1219645086163722240
1219651786316898304
1219691788958609409
1219822017484148736
1219598557763772416
1219656831229988864
1219607090156789763
1219581248496177157
1219845451194806273
1219794962520461313
1219630957046661122
1219643701414285312
1219614494940368898
1219711310943936512
1219626702437068804
1219761684409090049
1219721031407095810
1219631045299113986
1219747105079799809
1219634984799145990
1219708443285696512
1219697675794354176
1219593302565163009
1219636229181968388
1219504914797383680
1219660306638671873
1219654231256453120
1219531038642384896
1219628592734392321
1219626684833583104
1219658413770231810
1219699015048220672
1219699590095691777
1219698922521866240
1219629810168803330
1219713905745973249
1219557009495752705
1219657948433207299
1219645188081176578
1219644058915786753
1219676791322939393
1219833811669868547
1219707366226178049
1219803859733942274
1219680718210707457
1219640460848902144
1219764435348336650
1219513961080594432
1219699367994712064
1219729431662661635
1219857143639224327
1219662153977860097
1219689423815827456
1219744439272452097
1219795455619497985
1219850340411101184
1219502954677514240
1219651405063081986
1219570916662882305
1219665044444676097
1219512920696074240
1219859305484165121
1219628172951609345
1219510715163299840
1219575942093443072
1219636219325374464
1219830669326585857
1219650322299326467
1219540138738491392
1219666210633195520
1219535179808722944
1219651147218268163
1219552980036456448
1219740140874215427
1219703035552784384
1219616399959699457
1219703010840006656
1219611591131439109
1219720667412795393
1219814695819010049
1219622258559344641
1219587393721905154
1219816694262194178
1219860348087492608
1219641540659875844
1219625968756760579
1219704669406203907
1219610021622898690
1219741970555375616
1219731390780137472
1219743482958487552
1219699186289061889
1219840090286981125
1219511007833468928
1219513196274384898
1219709899938156545
1219681386313011203
1219503474980872193
1219562846067077120
1219670316299030528
1219855434300973056
1219584238175031298
1219856448991170566
1219609665069309954
1219699286927167491
1219823027912835072
1219578905230749697
1219826072457531392
1219507990488920064
1219799405903171586
1219843074727317505
1219540831440396289
1219705271846608898
1219530196778463233
1219702829566320640
1219764800764420096
1219631104497520644
1219706137202888705
1219708942005260288
1219580976009043968
1219856531857997825
1219643458178240512
1219598595646808064
1219858182937436166
1219642543144689664
1219696772089556992
1219818834376433664
1219782219268530177
1219520738807382016
1219856273929330688
1219644804704997377
1219587391314432000
1219727258904092673
1219569414972084227
1219735865993441280
1219520274493845504
1219685953079533569
1219734038929461250
1219714881517170688
1219659778802188289
1219814966791942145
1219504154432999427
1219848438545879040
1219821389236133889
1219708150921777153
1219635318875443200
1219665376654524421
1219567127390228480
1219730747155714054
1219857682431168512
1219695503874674688
1219534703558111232
1219640612686909440
1219600333904777216
1219751534503845888
1219685828475129856
1219712846956810240
1219681026009706498
1219618902776471563
1219633193072177152
1219715320757334022
1219737303482011648
1219555492642676736
1219643214644305920
1219696065886203905
1219570683338022912
1219531347682844672
1219594870186303488
1219513887210582016
1219670166801473536
1219737628574191617
1219703888405770245
1219543650469924864
1219585839145062401
1219809407732797440
1219655459403116549
1219719581335543808
1219647327343955968
1219628630894051328
1219689791375204356
1219596141198807041
1219856755607339008
1219694002460598277
1219696171712700418
1219660539607113728
1219594359156477954
1219711588401393664
1219857047715446784
1219673373615235073
1219718384952258568
1219772342919888898
1219798699846635520
1219698804846473217
1219599802708697088
1219806964479336449
1219813559527518208
1219560740153106434
1219599328735563785
1219682363514466304
1219772981699923968
1219598460237877248
1219520926200614912
1219670300444495872
1219610641243287557
1219727788908908544
1219623910993539076
1219683845907324928
1219635884313673729
1219730993847898114
1219696922962878466
1219848468933402624
1219639531458134016
1219715614538899459
1219659107457740800
1219663936062132224
1219598407892979713
1219654532533235712
1219819620615495680
1219640301364621316
1219584033505628160
1219601104486518785
1219562524493991936
1219568500886380545
1219644342421409795
1219853273798148096
1219629426138341382
1219699660547395584
1219519411918340096
1219645437793263620
1219819676521390080
1219608091286802433
1219511907280936960
1219630789006065665
1219649217943216129
1219536962664660995
1219697171521515520
1219651256337293312
1219593909438943233
1219819096574976001
1219536365320376320
1219850070327250945
1219707482685263872
1219598577208565760
1219728004844261376
1219565088908226560
1219648193132138498
1219630543589007360
1219676412317257733
1219703573770010624
1219680658718674945
1219582727231614976
1219570674337034240
1219794737600688128
1219742088377573377
1219645377424560129
1219529972437651456
1219777103081635841
1219666074976866304
1219823094287740928
1219579943836946432
1219645475726536704
1219695668069126147
1219695082338770944
1219538753796104192
1219694501788377088
1219598872911253512
1219509895189487616
1219812091231637505
1219623956560388099
1219850873121189888
1219711721897701377
1219697225820975105
1219664596837027843
1219723452338360320
1219685128777191424
1219735908246851584
1219715039185330176
1219815834970755072
1219832386160152577
1219820311295807488
1219560620665856001
1219541312086605825
1219603921272033280
1219711714515738625
1219748370203529216
1219718278622392322
1219637574400184320
1219732674950127616
1219753113923485696
1219833144255401992
1219830537088643073
1219753268370452480
1219720784173785088
1219523194559848449
1219645283908423681
1219670318828138501
1219699434700800003
1219715060962156545
1219511862498336769
1219672060638699520
1219535916550836226
1219824134894555138
1219608833250689024
1219694313954840581
1219556183343804416
1219839049642520576
1219694650690113536
1219661484894162944
1219527510590992384
1219629364586909696
1219845041700601856
1219683510836957186
1219637932614701056
1219668682370093056
1219620773960306688
1219518741819445248
1219667682854916098
1219715539137941505
1219677199273463811
1219698272174071809
1219629329073745926
1219551875583959040
1219696882299162627
1219528060657074176
1219505891139117057
1219510399533551616
1219859302351101952
1219676291265372161
1219569748284968960
1219539875482857473
1219831067861028864
1219697311166750720
1219695091251601409
1219559560970690560
1219693149305610241
1219841752187703302
1219652103423000579
1219654464010883073
1219559968640307200
1219686693877485573
1219644729614393344
1219679359801360384
1219555012264833024
1219699598731751424
1219505734477586432
1219630617823973376
1219732701705535490
1219506771557003264
1219858016536875008
1219599058651746304
1219699490002821127
1219628139606835206
1219702779901632512
1219752859291521024
1219848579097022464
1219545179763478534
1219793395079634944
1219667205622767622
1219715075004604421
1219683535725965312
1219592190990733312
1219607815762989057
1219684256898863106
1219646543864717317
1219855744658550784
1219688177763540992
1219660941970808833
1219562683177078784
1219687438869770243
1219680714595151872
1219710526223212545
1219702106451599371
1219718254085771264
1219752258428186624
1219696898862460928
1219524833983287297
1219735341361508352
1219519061740216320
1219704704260804617
1219703754729164800
1219571226726817793
1219679838019211264
1219713602942271488
1219694771834368011
1219521498576236544
1219642605149020161
1219626315432767488
1219620063881330695
1219658310850359296
1219816245689753600
1219846375082467329
1219861474908213254
1219720101701787648
1219787894778486785
1219841910048731138
1219532601272172544
1219683074574708736
1219670210623541249
1219661510030524416
1219860104192851969
1219615570481623040
1219732803597881352
1219841058726653955
1219600244498993153
1219626122352189440
1219616176004792323
1219655117277990912
1219821503879008256
1219565696193048576
1219621528469495809
1219822233318649857
1219633207680864262
1219805632003375109
1219821052232159232
1219730917591306247
1219660759262691328
1219722049771491328
1219589356916224000
1219667569864585216
1219660068909670401
1219645981328912384
1219645271388446723
1219704056979116033
1219762827302522882
1219642377410957314
1219706982225129473
1219731816485130240
1219809514259730433
1219666234075119616
1219630333160755200
1219694291154501642
1219724689003683841
1219845061237727232
1219837877019926528
1219548545142919168
1219631128325259264
1219561001680613377
1219710410716319745
1219614017062391808
1219723504351948802
1219629335386169345
1219850824257503233
1219699004629553154
1219698802589949953
1219818467597131777
1219603376276672513
1219649819616186370
1219671335170908163
1219671660493787140
1219613038493519875
1219854452099776512
1219535064335376385
1219847606135934976
1219669962375254023
1219712309767081985
1219728611898527746
1219853421886525441
1219646848757051392
1219707589375774721
1219830336793739265
1219658707149185024
1219828888509075456
1219601163718418433
1219530933130403840
1219615682918264836
1219589223331893248
1219584833283940353
1219595453223882752
1219637939942187008
1219596563980472322
1219635427008819204
1219717493398364166
1219648502034259969
1219665036454649857
1219752523134840836
1219823917239541760
1219629905492807680
1219591651066290181
1219746222094921732
1219713074749419522
1219754677929201666
1219698615964270595
1219632128612237318
1219748599476707329
1219577128083214341
1219706639558893569
1219724520489209856
1219688856368361472
1219696482787430405
1219838321448431616
1219753718863757317
1219676464586555405
1219598369326354433
1219855582007627777
1219532348422750209
1219573501960642562
1219861023211040768
1219837192710893569
1219533992770203649
1219664008262955013
1219705283129331713
1219638171425738755
1219660995146240000
1219518602170245120
1219507974265159680
1219642638560907266
1219665586940252165
1219697352090488833
1219527787737907200
1219773164508655616
1219629316927033348
1219785610153644032
1219661870224814080
1219541596993138688
1219667054766297089
1219710760340938752
1219531213943312384
1219633346713657347
1219650752324538368
1219580775420612608
1219654756538384385
1219631889885093889
1219727706088267778
1219860802351566848
1219638320046780419
1219820708596977664
1219651184715345920
1219545789153923073
1219834123864461312
1219506785628889088
1219521855171764224
1219682222879326209
1219701303070404614
1219781040706850817
1219629497554784257
1219652526724780033
1219704675445985281
1219807942255546371
1219513071896580096
1219716018601254912
1219667581906321408
1219696465003601920
1219692428040581120
1219710546645307392
1219543046338965505
1219728410408292353
1219620723087548417
1219504910129147904
1219735346671431685
1219685397262934024
1219728521498636289
1219776990733053952
1219859476838264833
1219720771964194816
1219583566855778304
1219715363467878400
1219695413676167172
1219646808810541056
1219547682298986498
1219620275387535361
1219689425099218946
1219645954468536321
1219781416835305472
1219699019750039559
1219579216628461570
1219632351338209286
1219688631448764416
1219674015020662785
1219816559704711170
1219722081077792770
1219696328298704896
1219695357812187136
1219663525351710723
1219531748540928001
1219693359817789443
1219599044693102593
1219585711168348160
1219832647461101568
1219644924494217217
1219688653749981188
1219773278828539905
1219820076817428481
1219512742815653888
1219619131433025536
1219671963863605248
1219533841192239104
1219584650433236992
1219641171930238976
1219522515556544512
1219630376991236103
1219691853743820800
1219534106901602304
1219680427222454272
1219667325668020229
1219755105844715521
1219611398013169666
1219709989545291778
1219693574297718785
1219835983132266496
1219851757033066502
1219787735604568065
1219500015120457728
1219861419795058688
1219821804602167297
1219564496957706240
1219818923303923712
1219695885040472066
1219680264642793472
1219510166984544257
1219691437794713600
1219503190376247296
1219667602202660875
1219559901636096002
1219540211228643329
1219662050726699010
1219691269917675523
1219536082037100544
1219524415190380544
1219743632980422657
1219728108267474944
1219562254464638976
1219859769894240257
1219722976846925824
1219854705418997761
1219646614085816322
1219729497387347975
1219830161866219521
1219727003076780034
1219564764310966272
1219669187007844358
1219857067395162112
1219676400900280324
1219622970500550664
1219518518544171009
1219760719480152065
1219511020722573313
1219641876715855877
1219707640026222593
1219687632629915649
1219828968766963713
1219806963837485056
1219733185073950720
1219722575368069121
1219612919589154817
1219503491498070017
1219823313691856896
1219522904217407488
1219635600350990336
1219532942919290880
1219711586610401283
1219545900177076224
1219714425244061697
1219502241616486400
1219664799702953984
1219716867465629698
1219661149580529674
1219682125512945664
1219851969537413120
1219630560768929792
1219842551617859585
1219807939185258496
1219759366926192642
1219727448457261056
1219677617340801027
1219732472369438721
1219500460329066496
1219659420793278464
1219716910620737538
1219543038743195654
1219698446204129281
1219715733824921602
1219836107791179776
1219650867135074305
1219702404804960258
1219533223245549570
1219816953650601984
1219651281725394945
1219737704218464256
1219500820301074437
1219694555412475904
1219543172914860033
1219836289194844160
1219647554914263040
1219664181949095937
1219821448396779521
1219801234904928256
1219629289911529479
1219656863651901440
1219708454308327424
1219797279466455040
1219851921873416192
1219690953834926080
1219783162445926400
1219741296312692741
1219565039255990272
1219502412014243840
1219532100623380480
1219690196431704064
1219738357552635905
1219506627428175877
1219753242021769219
1219618815337795584
1219525533790363648
1219679525941936128
1219539252653981696
1219730406691438593
1219641887318999040
1219703442446454787
1219836349328523266
1219693624927100930
1219671327130488833
1219632097721290761
1219509862859714560
1219582639180591104
1219816931802390529
1219650045244391426
1219655209208643585
1219622785472962565
1219724926048968711
1219633979718086656
1219561261169545216
1219526087757172736
1219583392343302144
1219816287620292609
1219605410732224513
1219589383042609153
1219746779585024001
1219650287859879936
1219527418068770822
1219699308074885129
1219835983333679104
1219734368157077508
1219508639116906496
1219540363788111872
1219694571526991872
1219710956097294337
1219656011667136515
1219656483790561280
1219729515053756429
1219716218975899649
1219651881762316289
1219752724021026816
1219850452495491072
1219532652279148544
1219840145479929856
1219837974470438912
1219509520138940417
1219628445472305155
1219717639653724161
1219664466650058752
1219553530459172864
1219634305611321354
1219511265556602880
1219651716137832449
1219827091736354818
1219631246596362242
1219818424467099653
1219647833940332546
1219805877923991552
1219558942122090496
1219703469700837382
1219807631700905985
1219798223579222016
1219664549164605445
1219592378266406912
1219680923303710720
1219545054177562624
1219630078780497921
1219824121044967424
1219581722683158528
1219565980029874183
1219649706550231040
1219835652294021124
1219850778627604480
1219706132752519168
1219691350171553793
1219626529686196224
1219634827395244035
1219849547368800256
1219671719369170944
1219677876011851776
1219582245624844288
1219808157129510912
1219722197842960385
1219506593651445760
1219507738864234496
1219669983636197376
1219686358450692101
1219752272525217792
1219502649281777664
1219832615840223234
1219756790109347840
1219711672904044550
1219634001297788938
1219656541386821632
1219668430070087681
1219777563637272576
1219846729236910081
1219645269077372930
1219660774643306496
1219629838920749056
1219641038865928193
1219696777999343616
1219844652066582528
1219724593922859008
1219536064723005440
1219660986648580096
1219644032390963203
1219711889384574976
1219579766149242880
1219579541607387137
1219728876495966208
1219711772049006593
1219828623391252483
1219635542486286342
1219505964153495552
1219693877482991618
1219600324585033728
1219574765683462144
1219695499571355649
1219636335549583363
1219523701114392576
1219641440793505793
1219586849770999809
1219858070047744003
1219600919387680768
1219675962486480896
1219663845729480705
1219823423863640066
1219640106895671300
1219513089852395520
1219690916782444544
1219593331379974146
1219725984452268035
1219633583872270338
1219585518398246913
1219693008716795904
1219860426302926848
1219653130784313345
1219630714645372929
1219681770452537345
1219656517126848512
1219845545197559810
1219508413991919616
1219736912778485762
1219819288242151424
1219662115285241861
1219503060722094081
1219512792002310146
1219747532374466560
1219704356620115968
1219580221390835713
1219820850754543616
1219729544854175744
1219709104987496450
1219549384393789441
1219795008334843904
1219711069523976193
1219542382070333440
1219660731303563264
1219830008052703233
1219659121705857026
1219550962446147584
1219603369599389697
1219632401715994624
1219795694015406082
1219690426199891969
1219665503339405322
1219705871623737344
1219629294126759939
1219637855984738305
1219847156653158400
1219838659190456321
1219739282014982144
1219807903256846337
1219699511548878850
1219631584166522882
1219655720863510528
1219631773547663361
1219744299123953664
1219570842998169600
1219637389758533633
1219589921700241409
1219856556868734977
1219620784525795333
1219523635930705926
1219833188668911617
1219793987386728449
1219655782783995908
1219726980561735681
1219660337517080579
1219543179139211266
1219633795269308417
1219834390068572160
1219605491854258183
1219770021393641473
1219646299903025153
1219526718563737603
1219728621767733248
1219744178671947777
1219540799676993536
1219647279243464707
1219804183991345152
1219660546343079946
1219699777035800577
1219720020491718656
1219662836495986689
1219855576810905600
1219687996708007938
1219836239437631488
1219700583478808577
1219722188523175937
1219713835805872129
1219736093182042113
1219730268929523713
1219722356475793408
1219549816151269376
1219653692229550082
1219685282133331968
1219720446066798592
1219532655764606976
1219688446274482176
1219628957928173569
1219724497269469186
1219771659311149056
1219577703277498368
1219595657587150849
1219633932083367936
1219719936668467200
1219707312803368960
1219691694242836480
1219598495797121024
1219846580267819008
1219660650961604609
1219828773853581313
1219641202099851264
1219730903188037632
1219742071667425281
1219746929850093569
1219855231242178560
1219607602604232705
1219499936024104960
1219767261801730048
1219820232111464449
1219710910476046337
1219658796521394177
1219757232839188480
1219708460809564161
1219700322395938816
1219547959173345280
1219854803586756608
1219661442531676160
1219672138753376256
1219847454843179009
1219743692409405446
1219584556325593088
1219557580885889025
1219507420227162112
1219845990607441920
1219786367816912897
1219674197695303685
1219836572826251266
1219629297650012160
1219719518693576705
1219525674530213894
1219635749261381635
1219602934062833664
1219574271690924033
1219675560428875778
1219697280770564096
1219762782888976385
1219681852111380480
1219681063406133252
1219593819194306560
1219534663020138496
1219772233612066817
1219705162740195333
1219628976387346433
1219715675637403648
1219819656489455616
1219670510130343937
1219730162255835138
1219744783448576002
1219649770609958914
1219723993835503616
1219746598965653508
1219596135355932672
1219742826788982785
1219806433862090756
1219616104743567360
1219677064619491329
1219507922545389569
1219569419527032832
1219599081150074880
1219656781208739840
1219515777679753216
1219768354887688197
1219830304363421696
1219657591036567553
1219663112363745294
1219765074430234625
1219695985296859146
1219630579345510407
1219667965035020289
1219502394574352385
1219511011687968768
1219731447591981056
1219537114037211137
1219837057507434496
1219687581484494848
1219548094875996160
1219705462238654464
1219711131092164612
1219691680351301638
1219696122974867456
1219704661713784844
1219725798564868096
1219535115312943105
1219854869680529409
1219828186604888066
1219588244460965888
1219745721668329479
1219731299734343680
1219514572027187201
1219822365212839938
1219741957645357056
1219659145256882177
1219500201171456000
1219723873060642816
1219704935526404096
1219819003222339585
1219633907123007488
1219544187542130689
1219800366096642049
1219530782710038528
1219660467423076353
1219642417042817025
1219721418583236609
1219571676754608128
1219688422169894918
1219667597966422016
1219610313567473665
1219596930508034049
1219756468322361346
1219505198001000448
1219673357626564616
1219544044705140736
1219545867079864320
1219743775230132224
1219710599694897154
1219731230125625344
1219689712035778565
1219711822405738496
1219678255143378946
1219712858008772608
1219719001905008641
1219770112510697475
1219500300354105344
1219619473482756096
1219518177341820928
1219686503699361798
1219631529237807104
1219679209313927168
1219647382641684481
1219656510747414529
1219538916853854209
1219852838811176960
1219680468322398208
1219696763214475264
1219587240248193024
1219728508404084736
1219749630868643840
1219676045269458944
1219525309441236992
1219654252559306753
1219648902762237952
1219718256975601670
1219660544417914881
1219562631767502848
1219637903946657794
1219725120542998530
1219547481593217025
1219612630039482368
1219550682811858944
1219861452418363393
1219574590705471488
1219717592497184769
1219529362619367426
1219721938400051206
1219660708679471104
1219792900151828480
1219789409131925504
1219857719068364800
1219809958663020544
1219835231596941313
1219635535695753219
1219730164919283715
1219633659801718790
1219530067660955648
1219616613047177216
1219510842653388800
1219629082780012544
1219565334702755841
1219643231010533376
1219702384726827008
1219617348849750018
1219587138204815360
1219830352866435072
1219656064632750081
1219596716405555200
1219665965178290190
1219833463068659712
1219628662741401600
1219696798744432641
1219647685675929606
1219509604192870401
1219639221134266373
1219857412695515136
1219587947680256000
1219636904032919553
1219626330200911874
1219596241878900738
1219702166237208577
1219519042974818306
1219729560843030531
1219778758758031361
1219826011191365634
1219718222217388035
1219571574417887232
1219829859469398017
1219814115553751040
1219650111309041666
1219726397255692288
1219792385858818048
1219699040285347842
1219656355574960128
1219511213870264320
1219630414006050818
1219629105190187011
1219772312905449473
1219723821084762117
1219763568628899841
1219728210323263494
1219571559209295873
1219513352357019650
1219743437559300098
1219687353889054725
1219668509329936385
1219783781906817025
1219597440988389377
1219593718291935232
1219646983100604416
1219622529813315585
1219788361034010624
1219858651948732416
1219687557329371138
1219650501970710528
1219692957919477762
1219803616279658497
1219730105720877057
1219555435696533505
1219664823165902851
1219631147644280837
1219635613885964292
1219827938062995457
1219701950553509890
1219723601945014275
1219635888277336064
1219669532450676736
1219821868531834881
1219653451875082241
1219809815570145286
1219631655230615552
1219695412422025217
1219510395364356096
1219670102028771329
1219602514372415488
1219647567509757953
1219518145196630016
1219764167818862592
1219688121836675072
1219689389946802181
1219707501773578252
1219582163680681990
1219691121825193991
1219690795504226304
1219707056501821440
1219663363858489345
1219634920039026696
1219851826327097345
1219698322413432833
1219706782244724736
1219732029346131969
1219674506895220737
1219653515225726982
1219504153912844288
1219731935364354048
1219698201499926529
1219742958200807425
1219732730327588864
1219517538389938176
1219714622242140160
1219626884801220614
1219589535262298113
1219836149063213056
1219721897941880832
1219654775328976896
1219679798919864322
1219612955949654027
1219828306473836544
1219592314999447553
1219639156650971137
1219833387189444608
1219812755483582464
1219815570302033921
1219527418555379713
1219716796976005120
1219585708601552896
1219730427839160320
1219557624624099328
1219616400227987458
1219737130408316929
1219536497558335488
1219630367516385283
1219840946839400449
1219851024753709056
1219614033197916160
1219615150833111041
1219653972518195202
1219784684835672066
1219857364406480896
1219563285038751744
1219718809885401088
1219641032327016448
1219699229620342784
1219570808592519169
1219701163718823938
1219846218953691137
1219683292829581313
1219847150718332928
1219785997262692353
1219708344501440512
1219533116496281600
1219630601784918018
1219722402663452675
1219545126772576256
1219664787266732032
1219694788808773633
1219568907301814272
1219737267499077632
1219680941603479557
1219734618615767041
1219701948271689729
1219735759894339584
1219695846423441408
1219602180589654018
1219838185435516930
1219847984818663424
1219710075138400257
1219726070125154312
1219744172657250307
1219654736456142849
1219848107871043585
1219734768339902470
1219665186744827904
1219722929061158913
1219728025962602497
1219828069009186816
1219841719295934464
1219638057978224646
1219811283123556354
1219731392789008384
1219643726261293056
1219542197906890752
1219643313357127681
1219609617862483968
1219705003625058306
1219636515380387846
1219647464124317697
1219662352859254784
1219728471913586688
1219822945389948928
1219602968586178560
1219667051737993217
1219607231139852288
1219645742442303493
1219697293898801152
1219532193363562496
1219787532516384769
1219732421865877504
1219666950936199170
1219680321454604289
1219837060556763137
1219810956362100737
1219623942287171585
1219566089765638144
1219641051469828096
1219569783991160832
1219789678129438729
1219645728185815042
1219636929131634689
1219726491463901184
1219665719492739072
1219636439417262082
1219756564422197255
1219796866101141514
1219855594913456128
1219671327017140224
1219557211652923393
1219743700605198342
1219517502050521088
1219635820455440384
1219721067561963520
1219730749819162626
1219709019096518665
1219515007072972801
1219658159129792512
1219551054783819776
1219701425015545859
1219787304694439937
1219562052429254656
1219711003098845190
1219854745424232451
1219541349151727617
1219854844460224512
1219534720427593728
1219678968699334658
1219735547406684161
1219690660187594752
1219609567853711360
1219693193131851781
1219670096605536260
1219727619874267140
1219690817167798277
1219693761485328386
1219527305263034368
1219665318274129920
1219579530366668806
1219807744192057344
1219713273685336064
1219649798766243842
1219679905748803586
1219659984008634369
1219664683189313536
1219700045555159040
1219676002282037248
1219859431908958208
1219616154743975936
1219829922312704000
1219670449430433793
1219635978664660993
1219561621254787072
1219856105242800129
1219694488915935232
1219857482878783491
1219703225911336961
1219524397859557376
1219634908504772615
1219650812433063937
1219847512355491845
1219640592826884097
1219635804680663048
1219630367516385283
1219552715434549248
1219629615112708103
1219745516830982145
1219707501773578252
1219731038475366400
1219756790109347840
1219645219114835968
1219650988744855553
1219670316684906497
1219670613595316226
1219758354861522944
1219858466971561991
1219628096061628419
1219846218953691137
1219666970381029383
1219771663417516034
1219518655152771073
1219564055641448449
1219693008716795904
1219782023864254466
1219504914797383680
1219711586610401283
1219676791322939393
1219629238212603904
1219853783892664326
1219663363858489345
1219829922312704000
1219793901416075266
1219820490078015490
1219607090156789763
1219832375678554112
1219680427222454272
1219727276063019011
1219598460237877248
1219582727231614976
1219737779720073216
1219713074749419522
1219582519030550529
1219839556616433664
1219565334702755841
1219731230125625344
1219539407872675840
1219600543951327233
1219727661636956161
1219826631948275712
1219635542486286342
1219816137719975936
1219585120027467777
1219607143852183553
1219656355574960128
1219516278723022848
1219807903256846337
1219739425418219520
1219811385921527808
1219503776266182656
1219665965178290190
1219699225187045377
1219664868762099713
1219509059302436864
1219512950194626561
1219579936853446656
1219534874387738624
1219586213386051584
1219703482938220548
1219653692229550082
1219666502217060352
1219509269265031168
1219604689672646656
1219669294268715014
1219771659311149056
1219694313954840581
1219735547406684161
1219674911771365377
1219520274493845504
1219596716405555200
1219676291265372161
1219724997649936386
1219598215386935297
1219510862261694465
1219574114232545281
1219643313357127681
1219787009893400576
1219647087652081664
1219692407320608768
1219697603060871173
1219732594255941632
1219649736107577344
1219724396014854144
1219692957919477762
1219785610153644032
1219731880335028224
1219806890663862272
1219835228291784705
1219729688383410184
1219569414972084227
1219670096605536260
1219693574297718785
1219694771834368011
1219725486374387712
1219635804680663048
1219506978923393024
1219703573770010624
1219582915253657602
1219692526346678272
1219857067395162112
1219805553540718592
1219732674950127616
1219858651948732416
1219659242434711557
1219562683177078784
1219811283123556354
1219718811458293760
1219707193559261184
1219540138738491392
1219665719492739072
1219535299019264001
1219853273798148096
1219683074574708736
1219698768469266434
1219710410716319745
1219653449647820803
1219528060657074176
1219587582251630592
1219626088369917953
1219560136932499456
1219627787927072771
1219620773960306688
1219635600350990336
1219565696193048576
1219507738864234496
1219725909747535877
1219817011477245952
1219651716137832449
1219700322395938816
1219650156662050816
1219518098459561984
1219837118295543810
1219623942287171585
1219645188081176578
1219722965648138245
1219651309017665536
1219860426302926848
1219610434564771840
1219687233487282176
1219694650690113536
1219669962375254023
1219655147430776833
1219582615948288000
1219533841192239104
1219733935674023937
1219506771557003264
1219654736456142849
1219830679694991361
1219543927545651201
1219713938524459015
1219599340529995776
1219659158808604672
1219693590433226752
1219834905267449861
1219809815570145286
1219681060449071104
1219522516810706946
1219700633139392512
1219561565453783040
1219711092366159874
1219531038642384896
1219857796214218752
1219593000130465792
1219660068909670401
1219663200813244418
1219598014236545025
1219644368073777152
1219855744658550784
1219734368157077508
1219594359156477954
1219560458857807873
1219647294754168834
1219682323366465536
1219645377424560129
1219677064619491329
1219611591131439109
1219682227824578572
1219689423815827456
1219682957616697346
1219821739326066688
1219829650739908608
1219682125512945664
1219821448396779521
1219829454979112960
1219854869680529409
1219833929320017920
1219598595646808064
1219737790453362689
1219620784525795333
1219628425930891265
1219592314999447553
1219596563980472322
1219667528110219265
1219619473482756096
1219634001297788938
1219710760340938752
1219817646780309509
1219654526803873793
1219509108769984512
1219618774925611018
1219593468277936128
1219570674337034240
1219512299385434112
1219666950936199170
1219518741819445248
1219716796976005120
1219689359747751943
1219499936024104960
1219664431644364801
1219728025962602497
1219717015423897600
1219697171521515520
1219658932597248000
1219658838242222080
1219665116683218944
1219574547789373440
1219746409966133250
1219517884554268672
1219699473854713858
1219695490025037825
1219693480815005700
1219500910923145216
1219669431040659457
1219701445588672512
1219781977458532360
1219697176508608512
1219763626879471618
1219817977035534336
1219640066332667905
1219672127005167616
1219690579136827393
1219681973251211264
1219658713629384704
1219501853366505472
1219671680219516929
1219515787775500288
1219585346612142082
1219776022939303936
1219687655140679680
1219696811440558080
1219577829291102210
1219629635392229377
1219850096331907072
1219824042095542274
1219556267095621632
1219515586344034305
1219835349100302336
1219710946215677952
1219700121824301061
1219577946547113984
1219664208884748288
1219828639648362497
1219728308276953088
1219523220782616576
1219607453312135170
1219861169273495552
1219554152713506816
1219684214183993346
1219834751500136448
1219517979966222337
1219568979167129600
1219553216456687616
1219852926048514048
1219732146300051457
1219697396294266880
1219666382364794880
1219531190471987200
1219684325303693314
1219822114963894273
1219705080615788546
1219653452982300673
1219833980079497216
1219684177261535239
1219828606051987457
1219861155172306944
1219824268831346691
1219521249006759938
1219629652160978944
1219522439450853376
1219669198227550208
1219822273055641601
1219557288576528385
1219519139758387201
1219738109442699265
1219517504051142657
1219645888408231936
1219522738060132352
1219646483223515137
1219837307148296192
1219821944373174272
1219556154231132160
1219520868562407424
1219676387532996608
1219522549664636928
1219813406955528193
1219823324395642880
1219569762981859328
1219671502678888450
1219705149867937795
1219748681450250240
1219706684874141702
1219517761623330816
1219576880329908224
1219734922337931265
1219697266199605251
1219520796605014017
1219709376929456128
1219522908067856384
1219680049328246789
1219664111635746817
1219499971898150912
1219555223737458688
1219545096619728897
1219671432311058432
1219715575187955718
1219558848228470784
1219615250175143936
1219855867300007936
1219699281042558979
1219560229257519104
1219607724486426632
1219684192063193090
1219566261987753994
1219502594030219265
1219861959610454016
1219679438423674882
1219521994099765248
1219633174214598658
1219738201918787584
1219721487113912320
1219657058024411138
1219620401690619904
1219775019993223170
1219651549976309760
1219522565091348481
1219795664042897409
1219850400293179392
1219694967133736967
1219684272589635585
1219824695278743553
1219573725328220161
1219840823677898753
1219638344369483777
1219851666578644995
1219821503983902721
1219812840028147713
1219746036668911616
1219850965366595584
1219680363838169090
1219607903612678145
1219680667195277314
1219735189829627907
1219830539466702848
1219684271989907456
1219515790665375745
1219737517387321344
1219718025861124097
1219534919518629889
1219669905689190400
1219522556253872128
1219666035583877126
1219670000379875330
1219835558232498177
1219610568350486529
1219850722826768384
1219723165967974401
1219609397988667394
1219664267718406148
1219656896195502080
1219828577446834176
1219547125039669248
1219705378876919808
1219501364021276672
1219604083499323392
1219832056714354692
1219538199858511877
1219705852740980736
1219824228117221377
1219562046750109697
1219623049537949696
1219645343152951296
1219844995965968384
1219532136069332993
1219511448436690944
1219828229403488257
1219824138782756864
1219533379181449216
1219554035746906113
1219641524234981379
1219570983335604224
1219625655228342273
1219813083327148034
1219523070077165569
1219590986915074048
1219522576759894016
1219643347415064576
1219509073911128064
1219520116284698629
1219698842221891585
1219696182437564417
1219665322560708608
1219520813789065216
1219664408567304192
1219518315154067456
1219848006096343040
1219647087652081664
1219789249140154368
1219638299956072453
1219832375678554112
1219676059462971393
1219847598485528578
1219701487619756032
1219565324007346177
1219787009893400576
1219679502592368641
1219682200234401794
1219858651948732416
1219508917333643265
1219811920364085248
1219848176489914368
1219721660464619520
1219516278723022848
1219512568060022784
1219591658003673090
1219617038538354690
1219716631007580161
1219621280376328192
1219649981373657089
1219566214063820800
1219812422837592064
1219698019043627009
1219634001297788938
1219753930600697857
1219669962375254023
1219828723467214849
1219515694817185792
1219630367516385283
1219701779270635526
1219706981209997313
1219735547406684161
1219768118739906562
1219617120058736641
1219827461858512897
1219693547894345728
1219745954712211457
1219724566970404864
1219666950936199170
1219558698625925120
1219600570778079237
1219716989926748160
1219697171521515520
1219585262419836928
1219596563980472322
1219739549401800704
1219724396014854144
1219598014236545025
1219661990915866625
1219577711980679168
1219837774485958656
1219564055641448449
1219527351526154240
1219616813983637505
1219584256806203393
1219713814314332161
1219810956898918400
1219572162975162368
1219645845123076096
1219563296744968192
1219663363858489345
1219820490078015490
1219506738627600389
1219510389253332992
1219658586197983238
1219564095898357762
1219730484860719105
1219637226990133248
1219689087323529216
1219565682167287810
1219692726628814854
1219689493302779904
1219851288101474304
1219805553540718592
1219522144104783873
1219682125512945664
1219592509225099264
1219730236444725253
1219774348539633665
1219674916024455175
1219512515308244992
1219560136932499456
1219655486468956161
1219690947254128651
1219586965126905857
1219731038475366400
1219718703127891969
1219649865375997952
1219602043414962178
1219607425076076545
1219682227824578572
1219711092366159874
1219696121473306625
1219660068909670401
1219518741819445248
1219649737386754049
1219637441969164294
1219503776266182656
1219746398511472642
1219552715434549248
1219736220038766592
1219595720564539392
1219716085500518401
1219527126917033984
1219825811642994688
1219739425418219520
1219689359747751943
1219510862261694465
1219730971488063494
1219499936024104960
1219593530982707201
1219664881399582720
1219695304276086789
1219600315739267073
1219600008594497537
1219594359156477954
1219582727231614976
1219654526803873793
1219634666233303044
1219504914797383680
1219651309017665536
1219691721346420736
1219664868762099713
1219674911771365377
1219731230125625344
1219835228291784705
1219679120289927172
1219546632724844544
1219673180702498819
1219684815387156480
1219658868076269572
1219833929320017920
1219636357976510464
1219740316867219456
1219591078111784961
1219610462096064512
1219629238212603904
1219667613380481025
1219593468277936128
1219599135260672000
1219606802767237122
1219739740888498176
1219759408114274304
1219846373916340224
1219501800346267649
1219858466971561991
1219576374136057856
1219718252709994504
1219635527894413312
1219857796214218752
1219860426302926848
1219616082048225282
1219682940348764160
1219690359447588865
1219700544673067008
1219817646780309509
1219846218953691137
1219515971100082176
1219603880427868161
1219812905996169216
1219507738864234496
1219559570386948098
1219844286906159110
1219655147430776833
1219607143852183553
1219737779720073216
1219623942287171585
1219694771834368011
1219670316684906497
1219587627264958465
1219704510588825601
1219511544196878338
1219704265318567936
1219690345027588098
1219679189974110209
1219582615948288000
1219703294110642176
1219677779815542785
1219692407320608768
1219500012490629121
1219512950194626561
1219516550186700802
1219844187924914177
1219711421786861569
1219849308196999173
1219667207078273025
1219562683177078784
1219575805967327232
1219680427222454272
1219599774179102721
1219527536201338880
1219710410716319745
1219712545151508480
1219752769323773953
1219785610153644032
1219720828096565249
1219777116297781248
1219577774173757440
1219556679248826373
1219616960268439553
1219682323366465536
1219608683358883840
1219693590433226752
1219716544831401985
1219636175792754688
1219820937014652928
1219767430572101633
1219644368073777152
1219559297887064064
1219509059302436864
1219635804680663048
1219546993472737280
1219829454979112960
1219768817586442240
1219610454915416064
1219599340529995776
1219574698595573768
1219831522863337480
1219621739606528007
1219533841192239104
1219627787927072771
1219512299385434112
1219556799881400320
1219648223977136128
1219669294268715014
1219620773960306688
1219756824473362433
1219565334702755841
1219582915253657602
1219745421976838144
1219560458857807873
1219536010679332864
1219526702470172672
1219506978923393024
1219655716467806208
1219809815570145286
1219850874522042369
1219715555680247808
1219703573770010624
1219793901416075266
1219522516810706946
1219692957919477762
1219756320649371649
1219598824454459395
1219747762327248896
1219698768469266434
1219713081737170944
1219653692229550082
1219850149473603585
1219732594255941632
1219659158808604672
1219635076985708544
1219595575668236288
1219847047345582080
1219576093700763649
1219585120027467777
1219581913846906881
1219811283123556354
1219547377050275841
1219803674446323714
1219661679182655488
1219839556616433664
1219650988744855553
1219819591817465857
1219737503814619142
1219519472379351044
1219744509233418242
1219632633216479233
1219530516686409728
1219724997649936386
1219727661636956161
1219682957616697346
1219577205589671938
1219618627017760768
1219616916425318400
1219631988157452288
1219549424868888576
1219700322395938816
1219699225187045377
1219582471353880576
1219518275903795201
1219857067395162112
1219703482938220548
1219690723102076929
1219646320304164864
1219760412448653313
1219834905267449861
1219646188590444544
1219716796976005120
1219817011477245952
1219664431644364801
1219807903256846337
1219628425930891265
1219712451303944200
1219728025962602497
1219535299019264001
1219666624623628288
1219740712398442497
1219701541550088192
1219668842714226689
1219828594362540034
1219713804692611078
1219645188081176578
1219721028642988032
1219509269265031168
1219541958047211520
1219666502217060352
1219669783936892930
1219560589795713024
1219585048057458689
1219576349100314624
1219700633139392512
1219557845504536576
1219829922312704000
1219513802380791809
1219811385921527808
1219534874387738624
1219637760425897985
1219731300397015040
1219728371770384384
1219519493367652353
1219691237025992704
1219654736456142849
1219758354861522944
1219647285317062657
1219677505327718401
1219724824190373889
1219647294754168834
1219718706877665286
1219849330191978496
1219532083091116032
1219575666884169728
1219593522774446086
1219587582251630592
1219665719492739072
1219689296069844992
1219624478973493248
1219731880335028224
1219714668236877825
1219852344541794304
1219687103640035328
1219619473482756096
1219761597318561792
1219523142110121984
1219665965178290190
1219683074574708736
1219670096605536260
1219599767937986560
1219697603060871173
1219667528110219265
1219837225166417920
1219582519030550529
1219845782607671296
1219632498440921091
1219845357473013760
1219722093081825281
1219694650690113536
1219844329080004608
1219826631948275712
1219653449647820803
1219702454490746882
1219725486374387712
1219694202939957249
1219848751503826945
1219821739326066688
1219626256381218816
1219582288079589376
1219771659311149056
1219596716405555200
1219725402257731584
1219632716305641472
1219732923768889345
1219635542486286342
1219771663417516034
1219687233487282176
1219607090156789763
1219698740635848708
1219579738806784002
1219534347822424064
1219762766380138496
1219732260364193794
1219842895055859712
1219736136211451907
1219803852612022272
1219676291265372161
1219816137719975936
1219531038642384896
1219697037148655617
1219707268930965504
1219623086674317312
1219709006236803072
1219696369058942976
1219697749660241921
1219698094700408832
1219704196745900036
1219748618485276674
1219696259180761090
1219737898880290823
