1214240256020664323
1214128705657815040
1214073986105131008
1214299679925657601
1214250556144988161
1214129040870825984
1214156561032986624
1214156562454831106
1214073985261916160
1214157658715877376
1214156556524085252
1214247743784398848
1214157662251708418
1214156560298991619
1214073984586665985
1214200410023645185
1214306728675815425
1214420505593286657
1214217838161997825
1214409563996401665
1214214850303463426
1214228795630247937
1214422742692454400
1214224594200125442
1214208130747224064
1214249414220505088
1214214055168290817
1214226058318405632
1214216495787589632
1214276246848393219
1214250324300570624
1214213377553248256
1214223117058551808
1214263100595228674
1214266469284012032
1214244995638669323
1214227448189116416
1214209638515785729
1214211796401303552
1214211728059318272
1214208445525745664
1214251140126330880
1214208042146975744
1214257573169442817
1214281224417619969
1214219906935402496
1214225829552623618
1214248293611581447
1214218474119151617
1214253101592563715
1214305725939404802
1214230252173574149
1214246067694440449
1214225987342389250
1214267796156235776
1214278193915531270
1214277761944170496
1214277540153626624
1214364091529216001
1214211651316191236
1214215281922457601
1214208108010115073
1214237671033315335
1214399162999017472
1214239923836006403
1214225136251002881
1214264359377162241
1214309727783571461
1214235292175142913
1214243779777040384
1214242517618704384
1214225258611380226
1214225545342443520
1214234137256706054
1214281943287775240
1214233219765288965
1214242830215835654
1214225866143780864
1214216527542657028
1214215837269274624
1214282810481160197
1214311584920674304
1214214980511375361
1214254849673613313
1214215215333683202
1214302658024136704
1214225736200081409
1214273288706437120
1214219884382564353
1214243678505590784
1214221495234420736
1214239888381530113
1214231458505723904
1214404321082822657
1214218084711587846
1214208085436387329
1214216643968208896
1214225583942643712
1214302929848557569
1214391295248089088
1214355506460016640
1214290852673196032
1214214354821951488
1214211009226952706
1214228024318681089
1214238382815096833
1214247625848950786
1214225626212839424
1214230155083886593
1214395335839297536
1214269357368459264
1214354701791178752
1214248709686538240
1214207927990595584
1214261555552030727
1214224723711840256
1214215820685037569
1214217295687491586
1214222572696604673
1214234030788481024
1214234143325933568
1214291545731616770
1214239548588404740
1214214081135206400
1214213648870203393
1214215552522211328
1214233628462473216
1214233911263412226
1214211902986960897
1214241555025760256
1214213098032287744
1214216883676876805
1214243267002417152
1214218914038767617
1214215230026174466
1214286016019714049
1214243940171431936
1214252906309918725
1214233053784133632
1214217311642640390
1214212217567973377
1214280459309453312
1214212180649922566
1214248858009710594
1214216297061519365
1214220406690844672
1214216219877953539
1214207047606120448
1214204727493353478
1214244298847399939
1214227471257800704
1214396963174731776
1214212742971875328
1214253078226055168
1214262948618809344
1214214346198470656
1214208995881312257
1214271875951542273
1214222371957170179
1214305375429758978
1214209214358401025
1214300964775235586
1214209012738273282
1214212411894517760
1214242879578812417
1214218035202011136
1214212641683656704
1214341061226700801
1214248824169996288
1214225781481758726
1214249012313939968
1214256722916921344
1214217661137207298
1214228354179764224
1214225585674870785
1214399962169192450
1214212776601772032
1214212009857867777
1214225196556652545
1214207829000765440
1214212949067403264
1214239797050560512
1214223948281499649
1214229942759837696
1214206429630017536
1214289885638598664
1214286455230681089
1214320597536329729
1214272334506405890
1214211601810821121
1214301114780323843
1214249088855752704
1214272302680039424
1214258677772894213
1214301123772919813
1214223064839458816
1214238334953959424
1214211751086055424
1214372716054224897
1214230154907656193
1214278932830265344
1214243418223861762
1214224644842110980
1214230186172043268
1214213835483222016
1214211963456229379
1214396050875801600
1214302735564230656
1214244620751851520
1214212911985508352
1214215676711383041
1214230998302515200
1214225600157814784
1214215808689283074
1214225279176118275
1214286284098801664
1214243517117206539
1214221286500642818
1214210037603803137
1214213111605010434
1214208319331741698
1214227306744569856
1214314890875297792
1214364574977265668
1214228365458194438
1214277239241613312
1214215511950659585
1214211725924487169
1214235175212769282
1214252598104088576
1214211642298392577
1214316361024966656
1214300757136199680
1214219585370624001
1214227613704695813
1214206198502830080
1214421949537030144
1214231612487012352
1214379094839906305
1214219639196147717
1214215239333531648
1214256749525516291
1214236103680634882
1214223160578580480
1214217097896697857
1214226503719890944
1214223309451223040
1214215828847169537
1214228503417303042
1214327453667266560
1214230755729121281
1214239946560671747
1214243213667647488
1214257588029853702
1214331360799809536
1214248412272566273
1214294884536012806
1214223723118682123
1214256316987760643
1214225124393672705
1214259786646249481
1214247548522844161
1214242637907144705
1214223723122872320
1214395376272314373
1214286456702873606
1214220116709261312
1214228490666627077
1214222619152723969
1214212737124966400
1214213167338967041
1214244242786279424
1214224332873981952
1214221531880054784
1214216280405884932
1214385920457265153
1214259336056360960
1214301696404402183
1214235738570739713
1214232767694868488
1214356756605865984
1214224393318129664
1214310938125488128
1214332815392870401
1214222465032962049
1214218121734688770
1214248465137569794
1214261551672299520
1214409823326003200
1214214285624299521
1214212265978814466
1214211535498858496
1214223504247267334
1214233866568908801
1214212545990549507
1214220087118446592
1214217096403542017
1214238765692149760
1214212821996769280
1214214086646489088
1214237401926815745
1214216764927750144
1214216491953991681
1214263257671835653
1214247966350958592
1214225317990195200
1214224302331092992
1214267097481654272
1214256010581463041
1214205862098690048
1214316722716585984
1214225512228368384
1214231108348448769
1214262045153071104
1214259872079974406
1214212612805791744
1214267582494248961
1214211680432988161
1214214490000154626
1214251356246224896
1214224533562875904
1214224803952914432
1214224705676296192
1214225075362291713
1214216023404109832
1214218053501763584
1214215768990212107
1214248718322540545
1214211657829879811
1214261916417372160
1214225514950475776
1214213083050233856
1214245361600122880
1214255803185672193
1214304505581359105
1214238632619454465
1214214968163340288
1214213407538393088
1214245670963597312
1214204757470044161
1214237831490605058
1214242760707969028
1214215876955770886
1214218887652421633
1214211607062028288
1214354597566963712
1214257612969140224
1214341196698521604
1214212020020695040
1214333980826312704
1214294049835954178
1214219711350792192
1214252047702413320
1214224852753797126
1214212453246128128
1214234810329260038
1214234798304174080
1214227735205294081
1214252862324322304
1214226466755555329
1214225117749882883
1214294288617615361
1214220044642766855
1214226870113320960
1214224895183400960
1214216367114768385
1214223683910279168
1214284821737934850
1214209871337414656
1214267145225474049
1214243039889305602
1214285544244559873
1214217631240278016
1214230008279060480
1214284628380585984
1214330998252613632
1214281361533657088
1214205897351806976
1214339692914774016
1214212027851399171
1214225169100759041
1214270053333504001
1214226330851696645
1214280959467642881
1214220322993508353
1214215904193585152
1214215724778082304
1214253739852410881
1214253068545658882
1214257876337709057
1214212906956599305
1214214939776294912
1214212344156479489
1214238277370359809
1214307925012996098
1214289574182236160
1214285890748637184
1214206113958318080
1214212275340533760
1214346486768701440
1214306011244376064
1214209509834534913
1214209272474669057
1214234311026712576
1214302950392258560
1214270966680956930
1214212732750356482
1214223498991812608
1214217675016155138
1214213203393175552
1214295708481785857
1214269226317467648
1214252750822924291
1214279473379586054
1214241254990594048
1214300410346954752
1214314570812186625
1214224181912592384
1214215865316597760
1214233802228273152
1214211683578716161
1214212024714104832
1214212537207656450
1214213563260248064
1214216226286841861
1214231035069763585
1214251591114645504
1214312135997689857
1214212986128211969
1214255420572884992
1214219192410497025
1214211801174495232
1214235827812884484
1214221724130131968
1214226343203876866
1214243538193571841
1214232852847583232
1214212372258271232
1214226550113153029
1214214466285527048
1214218079204454402
1214222355310030850
1214208480988598277
1214345625569054720
1214272675629150209
1214223444654596096
1214236647149232128
1214213963761803272
1214245640433262607
1214236828410228736
1214364608389091328
1214244184904916992
1214416211494215680
1214213823768477696
1214242898465689605
1214212646880366593
1214309596573175815
1214214687249879041
1214211242866425856
1214240174986682370
1214240741205139457
1214219644497731585
1214250508430532609
1214228464762544128
1214233797455208448
1214309536510697478
1214213362613141505
1214272854264549378
1214241534293528576
1214211620735467520
1214225941125324800
1214217262401556480
1214216567120179200
1214298603029770242
1214235392284729345
1214209976182476800
1214251655425904641
1214231798521176064
1214358738167123974
1214241702841606144
1214226457909743619
1214302913620824064
1214271452670840832
1214259334118617088
1214203338226618368
1214215579059531778
1214214907316637697
1214312299739136000
1214227347240603649
1214244373900275713
1214216840471339008
1214229081941786624
1214288120415506433
1214236156335968258
1214243355703627778
1214274867811495936
1214224489598377986
1214400060810768384
1214390449185665024
1214223315101011970
1214204866693865474
1214339587587366915
1214261994355937281
1214214972743520256
1214224650131197952
1214222566426075137
1214263729417838592
1214213296863227904
1214284232715120640
1214223622325329920
1214218705338544134
1214214995535433728
1214281090996822019
1214229947189014528
1214282818907525120
1214214494009860097
1214336268445913089
1214256711424528386
1214224705500176385
1214238424267403265
1214297172646215680
1214247613953957889
1214239428656451585
1214286647929507842
1214242237867085826
1214207458434068480
1214224472414314498
1214235078399811584
1214222525565157376
1214211466699649025
1214217318332588033
1214243845669556230
1214227891116027905
1214216308927189002
1214240651937812486
1214237702184456195
1214289430606995458
1214224748026220545
1214205804183728129
1214405788573294592
1214213145771814916
1214259547151511554
1214218991297847296
1214224609043714050
1214220181532291072
1214228442230796288
1214219729667268609
1214208126251151360
1214209172021153792
1214414818070937600
1214234098824306696
1214216724498862080
1214223891826126849
1214225227825238016
1214240672204673024
1214250897032830978
1214208765681111042
1214257503208263680
1214252823204024320
1214214912710447104
1214285172033642498
1214207935708090370
1214256019204911106
1214219471528828935
1214259003926220800
1214250303563980800
1214246936737435649
1214211653027409931
1214291253946437640
1214237090004815872
1214218334620803072
1214217719362531328
1214215392807309314
1214242587797835776
1214325681208856576
1214252720577744897
1214359768623730689
1214290963402805252
1214268692340625408
1214215337685716993
1214267589834280960
1214265883318718466
1214212988489601025
1214213413691428864
1214251659423080449
1214269321809219587
1214230210968719362
1214215846635147267
1214221727074521088
1214222733569081345
1214214886433206275
1214206043355521028
1214218424064364544
1214212497089150976
1214343491930742784
1214286953727897601
1214211727757320192
1214241326801326080
1214229387190710275
1214215983881236480
1214215675801210880
1214236436318359552
1214327827715313665
1214211668647043072
1214227480963420160
1214426329988374528
1214224409810100224
1214227152767520768
1214226488012222464
1214252123325644800
1214256189770518528
1214215676304535553
1214249236960890881
1214248471852507136
1214248487510036481
1214215949706055682
1214331649468633088
1214215208350158849
1214403236981018626
1214207869580697601
1214207871476477953
1214207025812512768
1214249069222268931
1214241671078174720
1214211662242369537
1214216105885130752
1214204778475085824
1214237486282608648
1214211869403209729
1214219704165969924
1214215076766502920
1214223048351588354
1214247413365583872
1214215826682851331
1214217878146301953
1214289861718560771
1214221363134767110
1214245049204129792
1214204910922862592
1214279596197191682
1214206786179387392
1214255948509962240
1214305539661946881
1214364598046019586
1214241923436883972
1214271018853904384
1214217073938882560
1214215504195457039
1214211937313181696
1214274113096818688
1214263246070386689
1214276700781076482
1214236409822875649
1214208712371507201
1214215168026128386
1214223227112894468
1214215895779860485
1214304052504354821
1214279200292712448
1214205393041272833
1214206844505395205
1214216106849820678
1214219604941295616
1214226813930614787
1214213971307323393
1214211664624734210
1214204656970321921
1214221019084402689
1214286560750907399
1214225472944582656
1214222213882241024
1214215906114584576
1214294204031082506
1214206913925328901
1214214764815147010
1214241167174488065
1214332934309724160
1214310303405658119
1214216440322174983
1214232126205419523
1214212129001263105
1214227679257518081
1214205109976125442
1214214993362800645
1214324632196653057
1214242418888982528
1214317948359389184
1214289973807112192
1214217305871306752
1214230399313952769
1214205282471096320
1214259860881182721
1214243472590458881
1214283743491477506
1214259185283665926
1214215894441836547
1214218855989551105
1214229443545305088
1214344307869659144
1214242860222033920
1214305423836286982
1214212025783635974
1214230338072915970
1214304939226349568
1214236427124432897
1214208534407208960
1214220636329037829
1214212071694491650
1214415154026299392
1214254428087291904
1214218964991131649
1214229355649478656
1214225789304131584
1214208137214873600
1214239497929535488
1214227044818702337
1214208374117666822
1214214156188033027
1214255234819788800
1214208936297062403
1214227826427224064
1214221766144544774
1214258210099601408
1214218315721248769
1214213872124669952
1214237480435761152
1214216448077434883
1214289563138560004
1214392563165253632
1214213304463298565
1214221632346238977
1214292061072977920
1214216444747157505
1214311488527241216
1214206179993440256
1214237460651290630
1214290922231480331
1214257265705967625
1214234074333765637
1214217212308918273
1214206643463950336
1214213145042018304
1214212163713327106
1214284779396456448
1214228963683373062
1214426202842238977
1214211632907378688
1214389651336765441
1214408236230758403
1214226296450015232
1214319694846550016
1214211997044269056
1214221740546691072
1214214393753415681
1214214908906221571
1214222630854823940
1214229883100024833
1214218890949144584
1214211634543104001
1214206850968752130
1214284301929451520
1214233421389713408
1214204557372403714
1214211705363947522
1214271737342365696
1214255720847335425
1214212997050257408
1214212862954102784
1214206894589579265
1214225848678699011
1214212952859041793
1214264933719916544
1214233120108634112
1214219729575063553
1214247957589037056
1214273382075777030
1214211767959793664
1214258135181012992
1214264514998407171
1214217497169334274
1214263281868824576
1214240869718667264
1214208862091390976
1214224182743056384
1214220685079392262
1214246303418503169
1214222108429041664
1214312552676634624
1214270004285333504
1214316660225650690
1214218702608097282
1214240284760051712
1214231588877279234
1214215492577177601
1214237076041977856
1214234217393131521
1214222143564787712
1214217108449562624
1214213167594835968
1214241607882543105
1214215540203573248
1214211692047077376
1214259866082201601
1214296360721235969
1214212139977715713
1214218860863332352
1214227233675591682
1214250565095632896
1214238742568939527
1214217640983629824
1214224927714430976
1214214091218280449
1214205070771965964
1214212232881549312
1214205028732407808
1214216208477818882
1214358687395045376
1214279642707906560
1214227979368312838
1214235583020711937
1214223402216697863
1214220213052416003
1214236537417846785
1214222277111365634
1214218457102921728
1214204368016289792
1214208819091382273
1214223401323249664
1214235212219080704
1214214980037419011
1214217187306721282
1214240294373335041
1214229910086209536
1214309812038782976
1214215708084785160
1214278994037805058
1214268567400730625
1214227138263617539
1214253523086516226
1214217532292374534
1214244598144552962
1214215263123582976
1214365662874918913
1214263961333489667
1214328305098383373
1214212432765366272
1214297374581022720
1214245509671641088
1214206584915709953
1214212882340163585
1214217646620758018
1214417155833376768
1214222818357006342
1214215236607258624
1214256695318384641
1214231262946365442
1214276068611411968
1214294553949327360
1214245116946374656
1214222868038467584
1214247624531959808
1214241751726272514
1214235224856580098
1214286651805048834
1214240345879465984
1214368895827693568
1214213653211299845
1214227781673988101
1214249893587501056
1214291483634913280
1214238006233780228
1214222486960791554
1214410572441231363
1214362025742209029
1214220673842851840
1214279835423514625
1214211660463951875
1214396660387844097
1214279352277512194
1214225994334310400
1214228907962118146
1214422156878200832
1214210676031414272
1214285726768128001
1214205688391618560
1214230068962172935
1214214204271583233
1214207808549326848
1214208498940227584
1214287154580471808
1214225038494314499
1214214273779585024
1214214099460075521
1214219248358309889
1214213207340003331
1214249194816446466
1214229548704948224
1214222533211410437
1214256667568812032
1214306828118564865
1214215156340809730
1214228483150233600
1214218522550788096
1214226026563284992
1214338601636581377
1214220590464278528
1214211005842173954
1214209365768577024
1214221848247971842
1214230565299331073
1214212567486341120
1214243868432052224
1214246078389854208
1214218472445624321
1214299737387622401
1214287247614337024
1214208497782534144
1214421894474190848
1214285952660779008
1214238857652264961
1214204597625065472
1214224633416880128
1214314789863854080
1214236392345264130
1214211028831162368
1214320366245629953
1214244769817387015
1214215698358194178
1214224592841129990
1214223844170485762
1214288230394343425
1214215268081324033
1214218745301929984
1214215569005776896
1214225225375768576
1214218584735539203
1214319842700005377
1214385109807353856
1214254948952743937
1214239674161680389
1214217270290980864
1214300166213246978
1214225797302620162
1214389696580767746
1214213808140492802
1214279093266649095
1214222232370733061
1214293713704439815
1214229237969739776
1214205272526381056
1214211610052575233
1214363087945506816
1214207864300068864
1214214743558434820
1214230796824920070
1214256653702483968
1214215515608174592
1214226359670718464
1214207203730698247
1214223850147340290
1214274650575921153
1214218909756379136
1214301190781128705
1214266957555544065
1214212525488852992
1214215957788405760
1214208430744854528
1214230150868590592
1214215496981188611
1214267027281588231
1214214740517572608
1214231783773999104
1214209391722926080
1214225155708325890
1214280670765371392
1214245946445438977
1214283364167045122
1214233662939705346
1214211038641610753
1214217334279352322
1214218625470681094
1214220618079571968
1214348157351596032
1214219281052971012
1214283222416330758
1214270446339792901
1214277518053777408
1214224580035915777
1214299216748699649
1214218564246355971
1214220945554104321
1214244880215629824
1214369474071191553
1214225236163477504
1214307150228578305
1214423054513790976
1214205223507517444
1214212124131700741
1214225547364118529
1214250025825554432
1214209724750737409
1214207999910305792
1214363133441118215
1214206312457867266
1214213755225214977
1214229050346131464
1214219208332062720
1214312825776197632
1214230013366722565
1214285763690545152
1214214778870218757
1214207277386936331
1214223253054595073
1214248035850629120
1214208691639070720
1214223746732572675
1214214176094216192
1214385022247014400
1214230548572495874
1214211469597958146
1214215503746613251
1214208026137284608
1214283586213421059
1214214767352651777
1214230941645889536
1214242968502231040
1214230056769327104
1214241126623911937
1214219311469998081
1214256723340472321
1214204623659130881
1214217886048370689
1214213297614004224
1214228965310619650
1214220995801878528
1214216789565038598
1214211628356558850
1214265306253803520
1214289058580615169
1214306422646886401
1214220222900690944
1214411645109329920
1214210137507938305
1214355701411319808
1214227295877107712
1214237315410870272
1214304050415644672
1214217489560801281
1214212610649972738
1214228350627196929
1214232749621620736
1214223561617006593
1214237170720018432
1214234113168871426
1214283717788753921
1214220141069819909
1214210680989065216
1214232660593324033
1214209520362295296
1214211609096327169
1214281818217877505
1214216206166691847
1214222139307577345
1214205079349321728
1214220607912599557
1214217094574878730
1214263302026616832
1214211664121409543
1214231406043381761
1214214820569980928
1214215059578195968
1214279492908306438
1214214087145639937
1214232981033893888
1214226264527126530
1214225623763312641
1214212298388189187
1214260624718475264
1214227370397319170
1214204989343711233
1214215283742846977
1214213073889824769
1214213908950441986
1214218274218676224
1214215639633711105
1214211954912505856
1214237964433317889
1214221852840808450
1214248952712880130
1214248886866501637
1214265963601899521
1214206469488435202
1214229277144731648
1214213576673710081
1214207567771185152
1214208870710697985
1214212923075235842
1214234129220472832
1214204294595063810
1214209151083143171
1214216362471690245
1214207401970294784
1214208092679868416
1214213937148964864
1214292041963888641
1214218357110661121
1214305076887601153
1214208477591195648
1214231741101154313
1214239145742209024
1214345748214628359
1214216031171944450
1214301301196103686
1214205561841094656
1214223397363826689
1214238683475238912
1214237820442882048
1214226291685306371
1214221470332833793
1214228813032374273
1214215687679422465
1214250806700134402
1214223755653865473
1214276449932337155
1214234806554439681
1214215028401942530
1214257547810607104
1214230785349341185
1214213413989179393
1214271463869558785
1214254272742936576
1214206686027747328
1214220614556405761
1214211561142784000
1214207855441649672
1214339118756454400
1214389082870169603
1214217601066225664
1214212386082701313
1214230126130597888
1214224098810826757
1214245072725774342
1214397151230513152
1214298151554813957
1214223729934426113
1214268448181805056
1214257115721850889
1214285490318430209
1214221289629593601
1214211709465968641
1214215553193304074
1214224970697658369
1214287483770482689
1214311771311353859
1214281605050712064
1214241675029209090
1214312589880123392
1214213757733355520
1214211691900231680
1214326332307300352
1214304302723977218
1214263514304565254
1214251405474701318
1214237994795851782
1214247276727721984
1214223835899334657
1214223965020921856
1214230397355253761
1214247834112987138
1214252170343862273
1214215688757432324
1214236143207759874
1214236349479477248
1214224132126183424
1214248656729231361
1214205031123234816
1214367845548806144
1214397615208632320
1214217473177923591
1214213379625275394
1214248465364144128
1214316872067420160
1214207264682397700
1214224126954606593
1214212695504896003
1214311473641672707
1214215508972707842
1214342207374843905
1214274851730538497
1214233482429435906
1214230291134472192
1214241792624939017
1214219750793994241
1214212886064705536
1214399222121930752
1214241649863397376
1214223429517414402
1214214072885010432
1214236870743351302
1214223058531213317
1214222631290970112
1214402272102375424
1214290022825893893
1214254086243139585
1214281566370828288
1214235256104075264
1214225506406670337
1214216928488775680
1214392633306550273
1214359623936958464
1214245357133139969
1214224817051844609
1214339046283128833
1214302520090202113
1214269406412443649
1214240230200492034
1214216703204311043
1214285313859891201
1214225084241633280
1214209404167434240
1214319872022339584
1214221492428460032
1214276187708637185
1214216359963496448
1214214058624376833
1214318008270766080
1214226950971174914
1214209498690265088
1214222838267338752
1214211591782182918
1214226587119476737
1214226321984937985
1214238162756734977
1214282216802594816
1214244383815589888
1214227053794545664
1214250644061728769
1214234112959164421
1214226323763335168
1214280747718266880
1214233964384309252
1214260088074113025
1214233141185040384
1214224606292324352
1214239561389182976
1214211487193092097
1214208666242633729
1214314371951865856
1214231552466522116
1214212477019402240
1214209736956162051
1214218320288894976
1214220821759180803
1214211770396692481
1214239009603571714
1214254733948542977
1214230725609840640
1214242284058873861
1214235458454065153
1214213198783614979
1214302144431607808
1214263506515697665
1214214088752062464
1214232135567134720
1214224856587194368
1214220083708465152
1214226415475970048
1214269124668465157
1214250433646071811
1214218615169462279
1214215086312763394
1214216438862503936
1214285503874437121
1214361763795341313
1214208013910888448
1214292322600587265
1214211631565221890
1214211685889785856
1214261900353167360
1214230289297350656
1214215478685655041
1214204425822179328
1214218152168566785
1214263939518910465
1214225634249052166
1214217357159260160
1214215126133415940
1214225808316866560
1214211985719668736
1214246399581261825
1214210675402256386
1214214700646457344
1214223249384583168
1214210531864842245
1214238439329193986
1214229235742707712
1214331210031419392
1214247045504098304
1214228218791780357
1214231630975508487
1214215705710735368
1214214794854703104
1214232639516954631
1214233474909065216
1214290697588744198
1214252023379582976
1214282612551761920
1214235232678940674
1214215281402404872
1214290218699939841
1214230668483399686
1214408875601989633
1214211965775679489
1214211652415045632
1214250420341760000
1214414599866519552
1214250085174960129
1214228869793898496
1214210817584967681
1214239622013890561
1214229785423028226
1214252847648444417
1214211710371946496
1214216283547410433
1214236363069018113
1214226942364389376
1214207942179901441
1214244802914668545
1214224622775877632
1214215943204868105
1214230307844567043
1214381057191170048
1214215721863041024
1214286810148483072
1214221310492135424
1214209347766640640
1214267166415097856
1214237457635565570
1214224903970402304
1214258410071441417
1214214785010688000
1214207999771906051
1214217102258769920
1214204044874530822
1214291155636097024
1214207291370672129
1214304180975947777
1214237903863341056
1214287018236231681
1214230831755145216
1214242993479266304
1214227497040195585
1214206148670300160
1214288273092288512
1214249657037180929
1214407697388494848
1214226381573427200
1214232361698840577
1214267503947464704
1214212479246577665
1214235798356320256
1214260140385415169
1214255502194020359
1214257418177302529
1214212036055457793
1214214945094717443
1214239225362685956
1214234206500511749
1214234700098736129
1214235492176289792
1214225634274226176
1214229493583400960
1214227700170276864
1214216544429002752
1214266125661458433
1214217646562054144
1214229954226995202
1214255909175738368
1214242376908201984
1214208590904471558
1214227320078262272
1214281786651533314
1214218133206130689
1214213216471044103
1214249893814030337
1214305865802616834
1214216131654963204
1214279659925516290
1214206608764538880
1214222944739692544
1214211897773428736
1214225291821932545
1214209202551427075
1214231564344795136
1214204874553987078
1214296658885959680
1214215971201847299
1214207903609114624
1214224946748108800
1214287940525801472
1214229268827430913
1214225508222873605
1214281504756568065
1214248597841207307
1214224743555047424
1214250449752252421
1214243385114079232
1214236978818035713
1214249963955347461
1214210174140989440
1214391331717558274
1214208154210390018
1214238656938074112
1214211128391127041
1214230305411944448
1214248203463344128
1214260329267507202
1214205033245478912
1214214846578905088
1214209851364126720
1214220389624233986
1214222738530996224
1214215087797555201
1214228252044283904
1214388697803702278
1214211598732156929
1214283905139953666
1214285025467871233
1214207478222733312
1214224869203828736
1214220913698312192
1214207920864419840
1214225233252671488
1214227173449568256
1214210507919577088
1214270393579642880
1214207795639267328
1214226568580681733
1214204454335066113
1214246945843228672
1214225778721865731
1214230276735479810
1214266542650736646
1214219091856281603
1214232189359050752
1214234188079095808
1214216653661261825
1214271097111240704
1214225181285203968
1214238991865778176
1214240304246775809
1214212445872541696
1214216225041072128
1214225849580498946
1214215716079050752
1214223327730053123
1214306384499630081
1214220040880439296
1214236463564546049
1214225300587986944
1214225197701771267
1214219908713717761
1214404235409993730
1214283093252562944
1214290358575804437
1214219223360249856
1214251955679350786
1214208163265892352
1214217138233327617
1214227908652347392
1214301641421316097
1214313186675109888
1214244444624560128
1214211727564378114
1214261282347651077
1214212554165301253
1214219134533283840
1214215072295325702
1214205137717202944
1214252596073918464
1214234568909361152
1214204232968085504
1214267789118230528
1214204267495645184
1214206751114956800
1214225260247171073
1214240125519093765
1214282151811862530
1214207916909252609
1214264094913650695
1214269001334951938
1214299302182506498
1214214133454974976
1214238415006420992
1214218540389208064
1214223673739153408
1214224498586738689
1214218643577491456
1214213333265420289
1214265988260270086
1214216178513719298
1214252704031215617
1214303924804575232
1214218875862159362
1214408394058162177
1214217594946932737
1214284492946518016
1214218740562382853
1214243870122352640
1214216608899567623
1214350154301657088
1214216017867616257
1214243966658531342
1214211642256494593
1214241755136221185
1214223535385849856
1214215236196151298
1214225994929917953
1214243152179187713
1214225118219702273
1214220319600316416
1214286786068922368
1214223610845552640
1214208962444349440
1214229397751959552
1214225071369269251
1214297320776441862
1214257981451317249
1214211686577639425
1214425530616954880
1214269276204478464
1214251122703183874
1214203275865657346
1214217176363732994
1214213510361755648
1214229797745971202
1214246929531625475
1214244839388303372
1214342281102278656
1214211620651618304
1214205150556020737
1214227975366938624
1214256489105444867
1214234462994731009
1214224533244272640
1214232952818872322
1214278155969662976
1214211253171871746
1214218552468787200
1214232305172127744
1214334658114211840
1214323445623771136
1214212593797214208
1214221300270608389
1214214983304859653
1214257396886970375
1214211744534597632
1214277634475069440
1214276183162007552
1214211687341076480
1214279428542517248
1214228621856059392
1214221291366109190
1214268078864896001
1214272380647944195
1214270916068364290
1214230448219529216
1214228379404255234
1214209341471019008
1214339160565309441
1214211854563782657
1214330513462353920
1214204674137563136
1214230647344160768
1214214494202867713
1214255644196397057
1214213702091726848
1214209082523041792
1214250217794670593
1214230468478078976
1214225295038976006
1214213781661921281
1214163751991164928
1214217300427132934
1214252273657880584
1214256294435139585
1214253785687699456
1214328611517403137
1214206526501654534
1214142106643636226
1214267645559746561
1214159835312410625
1214364948815585280
1214210749930856449
1214411062138855424
1214269226090946563
1214159483796111360
1214160137407094789
1214328661245136896
1214187323400871936
1214186647052525569
1214187195604643840
1214319623002370048
1214086118918049792
1214164280821633025
1214177953900376064
1214093146793086978
1214227703081111553
1214415990349586434
1214281289349697536
1214260930252562432
1214261003887816709
1214179667227361280
1214159495632478209
1214269285159391237
1214278305261731846
1214261018878197764
1214156071704711169
1214138570639921152
1214356473746206720
1214190316435185664
1214181909640753156
1214157518496288768
1214265939937710081
1214303936494088193
1214403788582408192
1214366039292727296
1214408151686172672
1214329874829037568
1214287990962315264
1214346623377117184
1214128705657815040
1214214892175187969
1214295228858937355
1214262548410834946
1214342303214718978
