1215237831217557505
1215300083169857536
1215226490624888832
1215370360763420673
1215382752645845003
1215320736581197825
1215225399464144896
1215240821756305410
1215366990812106752
1215222593155891202
1215304675056136192
1215206739580157957
1215279101130498049
1215502546212720640
1215369339446218753
1215188055491076096
1215239690661650432
1215159386102026240
1215451838142537729
1215414944834998277
1215299472093319168
1215219230355922945
1215298616509837312
1215414100227956736
1215165985075933184
1215160206151311361
1215359482756288518
1215191993443328000
1215451760279674881
1215235037202984960
1215302071081209857
1215321748935258113
1215345047014662146
1215243076383531009
1215469453401640961
1215237982531334144
1215357800357953542
1215349694110609408
1215358867653218305
1215488700236337152
1215303681496768514
1215234454769348608
1215213497732063232
1215251029123571714
1215357745282650114
1215158609916510214
1215428373863960577
1215195368960299009
1215235647658766336
1215163883792498689
1215379218932142107
1215213501360197633
1215480239528333312
1215279124530573314
1215293179555172352
1215191264695549953
1215347352598458368
1215316474568609795
1215472424189341701
1215228042857058304
1215192127333904384
1215252573839556609
1215223802591711232
1215366640558399490
1215192994502074369
1215299173865721861
1215334895217782784
1215325679035854848
1215273158468677633
1215157755901665280
1215160906801389569
1215237672974929920
1215194681019158528
1215450696608178176
1215397090299404288
1215476559399849985
1215385522157359128
1215242046505738241
1215272703999074306
1215298158030442496
1215215753764442112
1215317311231528960
1215232810576945152
1215191011728789504
1215401171696963585
1215299869692383234
1215367340596121606
1215221295543201793
1215302219404390403
1215163428999794688
1215324101369389063
1215423994553425925
1215273806912217095
1215392963108339712
1215248305539690497
1215151276893392902
1215359659600760833
1215180853564690432
1215234314381733888
1215372964746727434
1215476554362490880
1215310263253192704
1215399695083823105
1215221979281854464
1215223121449508866
1215219825108307969
1215233460580818944
1215368329130627072
1215243461496070144
1215158606942728192
1215303270006247424
1215402382080847877
1215343846193795072
1215316580738961408
1215185483157905408
1215411015678136320
1215245584916856833
1215299873098162182
1215213500580032514
1215215563485650944
1215294181171703810
1215331428621307912
1215310612819009536
1215500471365984256
1215320516283772929
1215163593878134785
1215238185875333120
1215259337444200448
1215189020818329605
1215226747316293632
1215256700393009168
1215309577962557443
1215220616095129600
1215288590114205700
1215248595387125760
1215253309449277440
1215411726247702529
1215342430389788673
1215168773369540608
1215209304510423040
1215168020236075008
1215235308456988672
1215438880993939464
1215208096269815808
1215395140199768070
1215151655861264384
1215307714844381185
1215413101702582272
1215254194061500422
1215357995133100033
1215204982049341440
1215340932561887232
1215360953388355593
1215248111712579584
1215194335983087617
1215174171162021888
1215265160962740226
1215152902932770817
1215155235833905152
1215223409887580160
1215203084164653056
1215211953309745153
1215228689778122752
1215313105103859717
1215444866160889858
1215221964849274885
1215155644287897602
1215184616056815616
1215192941439877121
1215195365705764864
1215165226905219072
1215393171028545536
1215176408957431809
1215166533967712256
1215241213978316800
1215277194693545984
1215212995984470017
1215192375271809025
1215325770740043779
1215191635220422658
1215163560608911361
1215162380042326017
1215219921241755648
1215220222896025601
1215233139993403392
1215230620265263104
1215153049708257281
1215218022631247873
1215317757211959298
1215265326872526850
1215171345476046848
1215187444972376064
1215155676076478464
1215160305954762752
1215272267657228288
1215237476035506176
1215204421447098369
1215179677859487745
1215229217463570432
1215182312150794240
1215191157506027520
1215386978159677446
1215263451825819654
1215291997684031494
1215194813831827457
1215414632170643458
1215208683161956352
1215221726025584640
1215208679437488128
1215159543577153539
1215155945413713926
1215306510869442560
1215419592123781120
1215245893101850624
1215173201552191488
1215178784355364865
1215181354796797952
1215378784863555584
1215288149284442113
1215159771764011008
1215255064266379264
1215393380286586880
1215441648567668737
1215215978612740096
1215281711572975617
1215413766726324228
1215212819119005697
1215202050541260800
1215395227126632450
1215157568819093505
1215244965833560065
1215313107515576320
1215394887576772608
1215185283890716673
1215162698532442112
1215348914485911552
1215165388679471104
1215208794709471232
1215212225528549376
1215330254270500865
1215227607442165760
1215177868709453824
1215240120275734528
1215159820829057025
1215180314919739392
1215249089245450241
1215186468739735552
1215297649546539008
1215154036854415361
1215219846759227393
1215191676291092481
1215217446774329344
1215296947399143424
1215308846052401153
1215156643928924160
1215247079204888576
1215324383079804928
1215337918325305351
1215438771669426178
1215213802259546112
1215337384809766912
1215382255109136385
1215186124949291008
1215182947206254592
1215225420259434496
1215220880101515264
1215333758792011776
1215242376119246849
1215465429419819008
1215310446087024642
1215190180182753280
1215245744476708864
1215160781047726080
1215224565758136321
1215236619416100864
1215205143546925056
1215215488994856960
1215159065673981953
1215425953347670017
1215323824864092160
1215388352633065473
1215241190511083520
1215183693725257729
1215227662949670912
1215368220267483142
1215337500694274049
1215259227654107136
1215180826595512320
1215212229701840896
1215294579492237318
1215208076263002113
1215186103147384832
1215368720538832896
1215279908722745351
1215192701093785600
1215338438339239937
1215166722086404097
1215200919580815360
1215347204975669249
1215316140853022726
1215280174612262916
1215199609762603008
1215164849677832192
1215155553401540610
1215173262436638720
1215470300365803527
1215381271410610193
1215277844651220993
1215190152831754240
1215240759932121090
1215191253714862080
1215248647203500033
1215507671501004801
1215157092564328449
1215177745770086400
1215202107789398017
1215152028479082496
1215343137994027008
1215334321894121472
1215255739805192192
1215245821958066177
1215329027101286401
1215410697917599744
1215230676934569990
1215389502115545088
1215190889011851265
1215242003711234048
1215317609236901891
1215314631188787200
1215208225454292993
1215377084287258642
1215163655056252929
1215292163526987776
1215209054852845568
1215258097805074433
1215176531489804288
1215304970733486080
1215379719241244672
1215271324488228865
1215310536423985153
1215203111834411008
1215197257856966659
1215451187031482369
1215301237521993733
1215185082908102656
1215331655768051713
1215363775190138886
1215408506821660673
1215220061599928320
1215175171679703043
1215252772423131137
1215305578253295616
1215189365061713920
1215186774437351424
1215259491937193984
1215329983473815554
1215269786206244866
1215367025066946560
1215294838792429569
1215393452906680320
1215294165464035328
1215305351362498564
1215402502927065088
1215477284401971201
1215259721868947457
1215454760960188416
1215159446894235649
1215248759527038977
1215232227010916352
1215296461883297792
1215158212212727808
1215214182280388608
1215209097970307078
1215186327022514176
1215232010907721733
1215411672392896513
1215261646664404993
1215312303811452928
1215151369771982848
1215206563536916480
1215153716359237632
1215321299087654920
1215186521030086656
1215366689124233216
1215175087936196609
1215197729636474881
1215219961632821248
1215392175355244544
1215330995806920704
1215164242824957952
1215295720091197441
1215179267358756864
1215163659023978496
1215203684382117888
1215160757056344065
1215191604811706368
1215409216527257605
1215212418151997442
1215204787748319232
1215162266439618560
1215154245021904897
1215208027390971904
1215186107484250112
1215359990803902464
1215197578356240384
1215267085678522368
1215246654577815553
1215322005614092290
1215227973458112513
1215240887061471233
1215397406117900290
1215225354153025536
1215216902294900736
1215169052441825280
1215394026045804550
1215283632711131136
1215179774819229698
1215301914595930117
1215167010042195968
1215500988242702337
1215189201630769152
1215223305516527616
1215172613384953857
1215415592494256134
1215208649464958976
1215182847520145408
1215386684986200076
1215403315699294213
1215237610089734146
1215297311653486593
1215279256474918912
1215213442803601408
1215161707540221952
1215241489644691457
1215209496865361922
1215225729350275072
1215201769036439552
1215310702778486785
1215229829861322753
1215195454880788485
1215390398694203392
1215255699623743495
1215268725559103489
1215163928528986112
1215152352170250242
1215158561132642304
1215228190484025344
1215414738462683136
1215300319892164616
1215205358924419073
1215192684899577856
1215302915629383680
1215169803859701760
1215337459216801794
1215184188372070401
1215193874022400000
1215289057267396608
1215201377045172225
1215460156210843648
1215497905030778886
1215445572796190721
1215310582712356864
1215210401547411456
1215245846511570945
1215302980896985090
1215226708221186048
1215237470436102144
1215239488189947904
1215152474325209088
1215342535721340930
1215221624926019585
1215497552646344705
1215192709918593024
1215255505834213381
1215460966768488448
1215213887588618240
1215269055361437696
1215177551649349632
1215404078307729408
1215278837371670530
1215343875574968323
1215397721361829895
1215171836788531200
1215337018684772352
1215174464473849856
1215247411897040897
1215292455207231489
1215326577770319872
1215237806353719297
1215415053572329473
1215239759158747137
1215227113923543041
1215210579876630528
1215372669652275214
1215193731785281536
1215248844415471618
1215287248138252290
1215301438181728258
1215173702842712064
1215438529423081472
1215169518416334850
1215161456796237825
1215164035508862978
1215258832089354241
1215383337768030221
1215153000798457857
1215406649541828609
1215170197478350848
1215255611409076225
1215275560148008960
1215173229498728450
1215431915253256192
1215172787758882816
1215176008917307392
1215322465364258822
1215318087605637120
1215184556208291840
1215300151331508224
1215218801949782016
1215293272832315394
1215263309697617920
1215446551985893376
1215482349699379205
1215283122851471361
1215344370544775173
1215236262698848257
1215191125734182914
1215296440941076480
1215161481475608576
1215182003370414080
1215160374330318848
1215298117861593093
1215151257641455617
1215178137383964672
1215216597150900224
1215205991664451584
1215159230862368768
1215258670277308417
1215249840814395393
1215315254596526089
1215361807457583106
1215241355334705153
1215255772415889410
1215266498018775040
1215234795569106944
1215307577921363970
1215221257454673922
1215156372809179137
1215318338022387713
1215361859160825859
1215302914970914816
1215158261634170882
1215210780137836545
1215203961659101184
1215222721711419392
1215151418975367168
1215351861974310917
1215491850414501889
1215180866386825219
1215372903287590914
1215185746618920960
1215334639306448896
1215168792365608961
1215185076000055296
1215436373299253249
1215155655834832897
1215209924566884352
1215232814238531589
1215190712834232323
1215332733087633410
1215343846193795072
1215153282626269184
1215334895217782784
1215151276893392902
1215192994502074369
1215215753764442112
1215191011728789504
1215357800357953542
1215157755901665280
1215399695083823105
1215192127333904384
1215347352598458368
1215366990812106752
1215293179555172352
1215273806912217095
1215321748935258113
1215324101369389063
1215423994553425925
1215317311231528960
1215222593155891202
1215450696608178176
1215235037202984960
1215297663157051392
1215345047014662146
1215160206151311361
1215163428999794688
1215151214368673792
1215379218932142107
1215300766015148033
1215298158030442496
1215279101130498049
1215206739580157957
1215325397153452034
1215240821756305410
1215372964746727434
1215358867653218305
1215243076383531009
1215245584916856833
1215239690661650432
1215325679035854848
1215223121449508866
1215382752645845003
