1216383356818132993
1216444983839985665
1216348405208887296
1216444938306695174
1216323675194044416
1216585119479291915
1216365871058341889
1216596178588119040
1216293672955916288
1216361660874620928
1216254910154579970
1216314195244978177
1216533957367361537
1216400196432728065
1216256332896129032
1216305693088608256
1216288394344587269
1216437687885930496
1216279043089346561
1216348511937220610
1216493324972056576
1216458057296773135
1216584558990254080
1216269645776392193
1216358057732538369
1216310801579085824
1216423031515512834
1216529515310211074
1216282246837100544
1216335266606145536
1216560985869299718
1216520136334749696
1216536082088710145
1216266920300875777
1216473198415486976
1216480012985163778
1216598913559347200
1216402820527771649
1216575886729924608
1216259683125690370
1216423441529741312
1216497170830020609
1216494662271279104
1216303698009362437
1216272590660079616
1216452609969655810
1216336015113191424
1216295635999240193
1216305693789024262
1216300076793987073
1216283675836338182
1216584519844868096
1216391367720677382
1216327557496410112
1216597623265775616
1216441669895237633
1216300669675528192
1216309042848636928
1216367737922113537
1216333919815073792
1216396641533558784
1216496480732753920
1216321015736868867
1216318176935530496
1216477287249580033
1216419703641530372
1216305503460110336
1216597620065546242
1216370022915940353
1216358056289693696
1216267554781585408
1216504585738768385
1216309101153615872
1216400856301686784
1216304900122009600
1216585435385942016
1216562002795094016
1216456615211171840
1216270602073526272
1216292115539468288
1216326849539657730
1216560570125770752
1216528775057485824
1216300673223933953
1216580877678972928
1216513760879349765
1216250488779345920
1216283461255933954
1216569803076526087
1216569700542492673
1216528947032285184
1216589979423473664
1216383684351275008
1216549894888050689
1216311512782032898
1216305699459743745
1216285145667395584
1216314084368494592
1216454697822965761
1216297865846325248
1216247711797673984
1216379640538902528
1216261939954900993
1216371647688724480
1216327387366989824
1216401173491724288
1216334641197658114
1216318329348132864
1216461080161136646
1216402800558645250
1216243589824512001
1216284558926049280
1216454468776185856
1216283032866476033
1216427120148262914
1216448538990776320
1216253666262421505
1216345877033426944
1216445034570158085
1216529187823067137
1216376667687485440
1216509444831490050
1216406201963028487
1216306959839846400
1216592453286998017
1216373493396316160
1216579829459554305
1216463611733970945
1216264646883233792
1216292806437875712
1216320514563723265
1216269999045824513
1216431273972989953
1216405604794818566
1216268261580595206
1216265717936533504
1216471396060221441
1216308813692919808
1216405257607098368
1216297769549299718
1216251764074258432
1216387920615092225
1216501935261540353
1216264646883233792
1216405604794818566
1216320514563723265
1216405257607098368
1216551870652649472
1216516620299964416
1216293328448344064
1216247934645346304
1216254566720770048
1216330350982520832
1216458779136602113
1216307706874802178
1216458814519681024
1216313808421052422
1216375375938445313
1216466243189989377
1216413398910537728
1216375171667451904
1216282414311518208
1216457587312537600
1216374171053232128
1216287452807270400
1216592032644419584
1216266331647021056
1216282263740174337
1216347292879462401
1216251917753602048
1216458944039849984
1216439453788594176
1216408057791569921
1216339981939200000
1216359640608518145
1216591929242198016
1216375793934372865
1216441488206442497
1216445569394257921
1216348695010193414
1216432291825754113
1216497259426254849
1216257663006363649
1216312806397677568
1216251804771651585
1216286263923429376
1216245030387699712
1216465042348085259
1216376134339899392
1216446107850461184
1216397140777410560
1216458141673697280
1216431250552107008
1216437033964621824
1216513096493170688
1216276880770445313
1216307081361395712
1216428976903741440
1216409749337595904
1216401183809642496
1216491256647430145
1216408955624337415
1216409757428396033
1216478370604683270
1216457642673045505
1216460194995146754
1216460064673976320
1216272704745152512
1216251779635208192
1216457538620792838
1216506751182393347
1216319994470027264
1216291228884570112
1216381883115851782
1216247508705345536
1216309763706949632
1216305629306015744
1216412881589280768
1216436209750368257
1216506830903398400
1216458210690859008
1216510541914689536
1216259220154343424
1216468983848882181
1216393659408666635
1216438003742248961
1216449525130330112
1216458573212987393
1216527255435911168
1216457697660489729
1216438643780456449
1216312332420251648
1216348512637607937
1216413909789433856
1216396388591947776
1216339807191826433
1216312761975746560
1216329616874442758
1216511306645241858
1216244323869700096
1216311630788747264
1216253383096655873
1216251843225047040
1216278264966189056
1216419013313671170
1216501269893873664
1216570929821732864
1216600419167764480
1216599830711144448
1216389292781645832
1216471170209452032
1216412213277331457
1216289871322664960
1216298057001771008
1216449502288236546
1216253427380080640
1216506807314735109
1216506772728492035
1216436675452243969
1216360061733408768
1216309578310266880
1216309119025655811
1216311522445733888
1216327177962127361
1216373866970468355
1216371647688724480
1216464498879553536
1216264451688730626
1216551870652649472
1216287903598465024
1216311530918219776
1216309537260679168
1216288565652525056
1216357253135196161
1216425656101298178
1216309149576892418
1216361940391469057
1216402820527771649
1216531978012499969
1216486814925627392
1216251715491635200
1216400856301686784
1216359117226487808
1216423425746653188
1216390696573251584
1216468382926680064
1216309552615972864
1216468842291122176
1216466331077353473
1216374085707554816
1216570565244391425
1216474132554113025
1216423452116123648
1216585119479291915
1216309048427061249
1216273027354238977
1216309090177224705
1216465892072140802
1216370022915940353
1216497376451612673
1216357104698544129
1216422980751974400
1216424609903468550
1216373907776733184
1216246748445839361
1216392360130764800
1216533218473783302
1216597623265775616
1216419480601055233
1216283675836338182
1216348616220192770
1216309638699933697
1216364901570174976
1216419756670058496
1216367737922113537
1216462660679688192
1216263542350868481
1216289793639899136
1216423547465293831
1216463166873444352
1216473573122068484
1216494662271279104
1216407516508233732
1216356599310225408
1216479325811281922
1216423950814720006
1216418620449923073
1216423466330722305
1216376397670834178
1216399498504802304
1216301167359209474
1216477278613446660
1216361597314248704
1216309869004742657
1216443610947817473
1216309672321470466
1216309056316547072
1216531501275402240
1216467033765924864
1216408502018760705
1216330678805114885
1216422879291740160
1216528775057485824
1216378694257778693
1216566347229954048
1216462453225197569
1216374553645109251
1216597620065546242
1216458057296773135
1216362463052095488
1216386688177582081
1216400196432728065
1216440871501037569
1216295703292665856
1216486769778143243
