1213072938431369216
1213089147218472960
1213069680350572549
1213135309388603393
1213072747607330817
1213074408153264131
1213090550045388804
1213068749772853248
1213204625492529157
1213265680058978304
1213184021133496320
1213045762180997120
1213071622829150210
1213136679609028615
1213102525685075968
1213074356949045249
1213111661961322496
1213072640224768000
1213083597957193730
1213091049524076544
1213085090277986309
1213113454950801410
1213213860473319424
1213073509917904896
1213073574606577665
1213089665068208128
1213070353532116993
1213322251434680320
1213071588217802752
1213194996691750914
1213070298725199872
1213046408183500800
1213083361910099968
1213082953737261056
1213170594906333184
1213090729733607424
1213046806516568064
1213115670130393090
1213115789341077506
1213110673946877952
1213068212356685824
1213081952053542915
1213073446655217665
1213233376263622656
1213071399142776832
1213093222597173248
1213094530934816768
1213049259014135808
1213075493601398784
1213064701040582657
1213089266982625280
1213073109764452352
1213091824656629760
1213072886979874816
1213011776998121472
1213119099267682307
1213112417368072198
1213115673347444738
1213203184405110785
1213055389979336706
1213083031055024131
1213178330553503745
1213009971752964097
1213073212466184192
1213181214854696963
1213073780878303232
1213050168364486656
1213079502110253056
1213198600131375104
1213072904180682752
1213074333674946560
1213213923324940289
1213126111523229710
1213003463812157441
1213085878463213570
1213324174610944000
1213077559870709760
1213039550253150208
1213075032814977031
1213091522436046854
1213056296938803200
1213055440541630464
1213161379332591618
1213170799152156673
1213326881237458945
1213091422607425536
1213102327151939584
1213100863478226951
1213190880817025025
1213324617265364992
1213172064615641088
1213051613306392577
1213086964204916736
1213226959112720384
1213211505895845890
1213049203712241664
1213176585655857152
1213161993630371843
1213233618648256514
1213068769481953286
1213191929585905664
1213085078089293824
1213167828968386562
1213120881964277761
1213050156981071872
1213164625245720581
1213170594906333184
1213198600131375104
1213169352523972608
1213075493601398784
1212983237695492096
1213023958758514688
1213167159003820033
1213178330553503745
1213070353532116993
1213316309976571904
1213194996691750914
1213265680058978304
1213163678721347586
1213163618281381888
1213171793751617536
