1218137817177640961
1218250737865646081
1218240277439287299
1218252607279505409
1218232713364328448
1218300671566458880
1218266510004633601
1218248246260314118
1218409119188758529
1218123164716171264
1218242370145325056
1218389529243070465
1218262471183687692
1218079068781977600
1218132788341354496
1218372277890355200
1218318816909852672
1218275233402179586
1218114938125811712
1218270473945042951
1218264260972810240
1218250240471568386
1218245831737970688
1218399478895587331
1218295655908638723
1218235185801678848
1218201175583076352
1218275765982240769
1218275420212252673
1218059703873392640
1218267074306494464
1218394605714100225
1218187622184554499
1218210370625712130
1218342734374805504
1218235986108469258
1218241992079093763
1218143852311334912
1218410811913383939
1218241557901475842
1218202334863319041
1218234437286219789
1218064953602650112
1218088121839034368
1218181197362335745
1218211780004139009
1218212220502519808
1218239508824588288
1218241319560208384
1218209151068856322
1218301925353041920
1218271771717177344
1218399819724742658
1218323733426900992
1218241645768036360
1218251039268392961
1218405172004773890
1218182436754010113
1218278530095767552
1218373601209905152
1218248727766454275
1218065646799507456
1218295604499140608
1218089665607192576
1218263873272401921
1218394339887460352
1218349732801720322
1218248125577646084
1218408928717017088
1218300562753687552
1218270139134697473
1218265678186188801
1218051920167915520
1218241556450287616
1218265686843305985
1218268218286059520
1218154437098844160
1218245256824729600
1218059112090685441
1218295440631832579
1218407517811826688
1218384455523618816
1218241814119034882
1218244763465539586
1218258653557424128
1218211194047213568
1218275245787885568
1218244653448867840
1218346029357113344
1218253229286477830
1218163470593658881
1218266259235753985
1218275396128518144
1218162844916764672
1218304732105781249
1218376025832333314
1218393238014496769
1218259420599156742
1218242220060528646
1218248135597793281
1218142045279309824
1218410042443141120
1218055725064376321
1218263402562445316
1218382556644675585
1218243778382790657
1218101856406249472
1218054105853321217
1218270446170316800
1218083431847952384
1218260875750100992
1218273880063774720
1218378729635950592
1218367770703822854
1218248107298820097
1218239076937216003
1218088840814104577
1218244939349397504
1218051086428360706
1218214255704457217
1218384862153003008
1218408340805636096
1218272294889574405
1218335663189381120
1218244496267403271
1218277181723463681
1218094836399706114
1218261711523893248
1218241372790063105
1218083279829655553
1218143429491773442
1218332827655249922
1218243782182830081
1218387408338739200
1218249619894829057
1218210752688988160
1218184441358692352
1218248043532824576
1218275203677065219
1218177532815646720
1218254260393201665
1218195902990626816
1218297716897472512
1218377277819539456
1218186211950379008
1218251153185673216
1218235555709968386
1218243944963870722
1218409844979445761
1218226119310237696
1218383639945338880
1218127454507806721
1218086840424488961
1218242284032004098
1218249903157260288
1218321999145074691
1218107793628188673
1218153173099208704
1218314223241048065
1218085558423105536
1218319914823380992
1218104209901604864
1218258531792642050
1218189804871004160
1218316367105052672
1218236321258516482
1218319263171272705
1218265574909861888
1218296921154097152
1218264537297838081
1218247105480941570
1218368989589594120
1218214356716081153
1218287611959304193
1218162924281266177
1218098357324873728
1218293372592574464
1218262469048721411
1218228080638136320
1218305685659770882
1218060267046744069
1218226309035413504
1218130975001059328
1218105553588801536
1218135316671926272
1218080560175812608
1218105703111499776
1218131261165838336
1218172275993776134
1218088983542083586
1218170521910697985
1218385993172164609
1218076754352406528
1218263128934363138
1218267889226190848
1218218586692636677
1218097417129799680
1218279450565103616
1218130346182610944
1218264154097831943
1218096733986742274
1218141424614629377
1218224609637687298
1218130696172118016
1218214597863378944
1218274772209098754
1218195185680764929
1218071952222490624
1218124732803010560
1218148218988572675
1218144306046885889
1218259930827960320
1218291611475611654
1218319734439018497
1218102279565455364
1218261491377414145
1218109543726637057
1218231927553085441
1218088726359875584
1218362708808126464
1218196163985317888
1218262396541788162
1218144950854000640
1218246991181905920
1218082070205018113
1218263595533905920
1218285358980521984
1218129142270566401
1218081405307179008
1218161142331211776
1218268840158728197
1218272588121747456
1218129773622329346
1218149455599489025
1218296089629032454
1218267876504850432
1218197131720372224
1218151207212064769
1218262209874341889
1218217973997023237
1218163762424877056
1218172325033652224
1218149656229830656
1218149107757453312
1218121336163356673
1218078564601470981
1218086028566827008
1218331835635240960
1218156393926201344
1218135512965419008
1218272852509634560
1218286762109415431
1218056595655012352
1218171229703692293
1218131854127181824
1218141938702016512
1218132970302771201
1218138340698021889
1218147239077601286
1218112429051326464
1218134275779899392
1218339520992763909
1218263002102845441
1218357741405851648
1218297708924088325
1218056459503722496
1218196180305436672
1218068061841956865
1218330605550739460
1218140390198521856
1218278114591232000
1218237760303259650
1218079429487931392
1218114372519768064
1218245449364246529
1218264406636843008
1218266429449023489
1218382983759044608
1218138848569581573
1218094223502839808
1218183922133147649
1218375603898003457
1218126622710210561
1218197365053644801
1218259568687493120
1218377730267312128
1218377728707022848
1218124942929289216
1218314729841668098
1218186521079099393
1218180760550678529
1218117750578655232
1218097510155276289
1218260268658122757
1218287440521310208
1218142671690240002
1218123488176803840
1218137154053984256
1218260158960275457
1218185393394331649
1218376115154292737
1218208264812408832
1218216846819823616
1218176942190604289
1218158804132671488
1218250940878376961
1218383298638098432
1218371925191340032
1218120180204822529
1218101427706396672
1218142637817057280
1218093382259695616
1218112423330185216
1218162781159088128
1218367413370134528
1218115209723813888
1218114723474018304
1218368427208990722
1218083614669320192
1218120432005664768
1218243956602961920
1218301436804718594
1218267230036807680
1218086358104911872
1218153340804239363
1218114324478222336
1218122126567317505
1218143868094439425
1218086083486982144
1218092433185169409
1218144741549903874
1218096631486304256
1218381426153992194
1218261473522266113
1218139827993862144
1218232689595244544
1218150844169969665
1218124278652116994
1218189119605694464
1218175642061148160
1218310771983163392
1218278019443326982
1218384460246323201
1218376277956157442
1218156681949011968
1218210831550369793
1218076372666634241
1218086708320837632
1218097623867035653
1218368454769680384
1218395488451473408
1218112296733618176
1218225859951198208
1218337405822013446
1218273075889954817
1218337382308642821
1218092284928983041
1218252581186756609
1218331436358537223
1218086577194315777
1218380253866930176
1218229442830573575
1218383537721827329
1218094539468046336
1218113851104821248
1218388716277981184
1218243643099820035
1218127358307241984
1218315032406241282
1218154787859988480
1218315046960484353
1218231963292749824
1218257258230046721
1218279712126066689
1218125660184612864
1218253624289169409
1218377727121575936
1218126198947172354
1218172603636027393
1218159493151907840
1218106266242945024
1218374540356702208
1218127427278462977
1218231846380720128
1218337373559365633
1218367530038910976
1218124139380101120
1218120064332898306
1218232030028357634
1218115880275578881
1218298731625418761
1218101859652710400
1218226010090545158
1218178303196004353
1218248919391653888
1218113490797387776
1218181550468190211
1218104463560466433
1218070467082432512
1218111850296107008
1218152749084311552
1218151148558979073
1218125327706329088
1218259085684084747
1218246510393135105
1218265768967778305
1218205029896683521
1218269648598245382
1218152402597093379
1218255100784914432
1218234486585995266
1218156769551228928
1218133812472950785
1218253601170173953
1218394410683117568
1218125815562604544
1218115134159314944
1218143367332278272
1218151745144213504
1218124484579938304
1218367052592943105
1218315341140500481
1218259934275612672
1218267634527080449
1218314014016638976
1218231674368077824
1218259013021904896
1218134861938089984
1218236600464879621
1218115555401650176
1218142131534974976
1218166178553745409
1218387724509569024
1218373877245587457
1218100104596508672
1218112353159524352
1218293210310696962
1218085397575733249
1218258936299696129
1218132192309710849
1218087189608828931
1218376588133306368
1218112780911423488
1218371244917248000
1218373474982469632
1218137011783159808
1218108804266627073
1218164744647036933
1218283087769022464
1218152287534833666
1218151323931217920
1218210328875618306
1218369493245812737
1218147709741424640
1218114193825595392
1218194642782642176
1218133625037828096
1218147959595991040
1218220493242761222
1218403267316678656
1218136700460859392
1218322372874461185
1218115247959134208
1218148325007949825
1218143764964937728
1218151364855050241
1218300238114512900
1218075906847232000
1218108549257224192
1218260111048761346
1218250722048954368
1218086729162412032
1218092778330247168
1218370571345584128
1218092835787956224
1218231513000615942
1218148350735851521
1218142793811529733
1218151690228072448
1218188987573194753
1218140402349412352
1218233642192949251
1218105670215634944
1218272586313949184
1218219649462165505
1218294994735333379
1218279727636647936
1218372277890355200
1218278187299495937
1218389498666635264
1218376811392000002
1218368250360336385
1218381751371948034
1218348020510666752
1218316965783265280
1218241556450287616
1218304690338893830
1218262510622650369
1218249911268933632
1218277001368346624
1218277298778132480
1218264175106981888
1218347867347259392
1218321704319102978
1218326676171579392
1218161862023491584
1218228972468809728
1218064287387787265
1218088121839034368
1218336220608192512
1218273915371507712
1218326552569700353
1218288785030512641
1218295117355847682
1218330840956047361
1218273373354123264
1218244637036613644
1218351285671464960
1218360455074209792
1218404961492574210
1218335960833892353
1218283963850067974
1218395565031141377
1218265672423219200
1218277328771538946
1218247060656467968
1218230560948133889
1218294031928713217
1218314943478554626
1218359745561522177
1218298707084443654
1218240193846829057
1218339369930711043
1218347501415272449
1218313034629816322
1218083279829655553
1218337812879237120
1218296691851517960
1218323021116723202
1218327494148882432
1218318538949173250
1218299758193848321
1218308681277886464
1218275250653319168
1218269540297166848
1218301083094847488
1218239076937216003
1218332916905848832
1218301995804741633
1218249502076940289
1218273880063774720
1218332833560834048
1218231204819935232
1218383828152176642
1218251706414309377
1218340390727770112
1218139236760727553
1218142749347717120
1218333945139429380
1218266180181536770
1218405593406496769
1218350233140256768
1218354348255797249
1218380654934740992
1218160701887471618
1218345723772768258
1218324716831768581
1218312751652667392
1218237067932708870
1218209151068856322
1218375666271490050
1218235185801678848
1218215015108501505
1218256408166260737
1218339801549680646
1218246477987876864
1218089665607192576
1218363391468802052
1218256501502029824
1218234036835037184
1218393221241491456
1218333705938309121
1218300363415138315
1218201089788477440
1218407971513946113
1218191372731195393
1218349973873532930
1218267940321202176
1218335887525842944
1218410227609018368
1218251039268392961
1218312254606790656
1218322155206782976
1218321745813417984
1218295663332659200
1218261635875442688
1218342849810436101
1218296392336269313
1218362806799667201
1218277039159025671
1218276771302453250
1218236713857961991
1218242325312364545
1218338165657866240
1218380885558530048
1218247301459857408
1218277895543672839
1218199136614473734
1218359328329097216
1218393284541845510
1218200714025099264
1218406078599311361
1218282813717393409
1218370782331637760
1218116591545716736
1218123164716171264
1218295416539832320
1218289105827717120
1218320198018748430
1218244654879117315
1218160491287269382
1218236959585337346
1218321260792426497
1218051086428360706
1218241372790063105
1218245910808932352
1218319855025303552
1218314241180151808
1218408928717017088
1218314287573278720
1218256495210565632
1218360683433222145
1218270875998396417
1218285084278710272
1218246611169677312
1218251152753594368
1218288907063832576
1218142045279309824
1218266277699035136
1218307778336509952
1218315576822706177
1218346533604798464
1218289467557060616
1218264617346007040
1218408057396396033
1218277217542844416
1218313596364640256
1218231458264907777
1218350946025119747
1218232713364328448
1218235555709968386
1218386240258674690
1218251007118934016
1218251238829109249
1218242130067390464
1218316866755747840
1218341743113928705
1218064263690051584
1218395500115832834
1218349512328208385
1218399005769654272
1218293909165617153
1218360299272712192
1218273475640614913
1218327606283710465
1218312487474552833
1218405172004773890
1218226265292988416
1218258278528028677
1218216414923771905
1218381756161806336
1218258368143482881
1218272565573177344
1218334467774992385
1218235986108469258
1218244675095711744
1218203971233505281
1218313093333311498
1218334212912308224
1218320334983770112
1218335979343372289
1218290521342382081
1218265357317787649
1218358396614782976
1218285545710813184
1218333894602317824
1218395494856241157
1218085558423105536
1218329806221271041
1218371082438291462
1218298829231075328
1218362185119825920
1218199167480320002
1218334093575905280
1218263074068750336
1218101856406249472
1218236784431312896
1218289155454705664
1218394339887460352
1218234082972381184
1218247391628972032
1218366128906493952
1218248761006313472
1218330735498665984
1218294595664125953
1218321588149506049
1218357331630657538
1218352504313929729
1218411790876409857
1218324334554624007
1218137005806247938
1218408162316910593
1218386528273096704
1218387103811276800
1218311938721173504
1218244047850102784
1218228304857137152
1218316538194907146
1218261419063480320
1218235833003708421
1218333056169336832
1218339873796644865
1218154696902414336
1218348359246843904
1218256578433994752
1218390041023696896
1218201186672750592
1218315829672136704
1218321999145074691
1218244630510215169
1218321548995710977
1218227950929223682
1218244450410909697
1218244946010034176
1218201505431355392
1218294133045039105
1218408664563945473
1218229103997878273
1218143429491773442
1218287831245783041
1218210370625712130
1218342662065004544
1218246841831165952
1218248043532824576
1218399478895587331
1218401717047517185
1218240105871216642
1218119934779297792
1218272526222143488
1218161715382292480
1218272164413083648
1218270478923640834
1218240473371901952
1218411613289635840
1218279640575377414
1218241559298265090
1218298672380882945
1218241557901475842
1218294559995846656
1218404312658915329
1218290420377116680
1218082472728104964
1218252723268857858
1218085790187737088
1218137597874143232
1218287947180650496
1218087302184013824
1218267946973376514
1218252090180542464
1218219718785540096
1218249086769430531
1218073872941178881
1218233097357004800
1218162743531986944
1218091827548520449
1218374557914091521
1218087118683234305
