1208818344972996609
1208648837629394944
1208730189527703552
1208802503363616768
1208859522472824837
1208775879964418048
1208678444529156096
1208718563051266048
1208678445951008769
1208633953478938625
1208666166299889664
1208710328697139201
1208963516738224130
1208778790740135936
1208887796653580290
1208787528771416064
1208830805243518977
1208766559679918080
1208911555900915713
1208860539755081730
1208712678526640128
1208940903345377281
1208977106962702336
1208647634027761664
1208815129321779202
1208940890263359488
1208833124546891778
1208755912137154560
1208851934003826688
1208842390850752514
1208923224521793537
1208887796653580290
1208859522472824837
1208848295747112960
1208818344972996609
1208848307176583169
1208755912137154560
1208778790740135936
1208768284671254528
1208761936235638785
1208635108305059841
1208628697017786368
1208798177685594114
1208630089199566848
1208635931470770177
1208950294761136129
1208647861124112384
1208679345650372608
1208769092364242945
1208694392363634689
1208673260474425344
1208629325051973632
1208640650570346497
1208631362753835008
1208821940280025090
1208784038124765184
1208637323036020736
1208839030164611072
1208759426972340225
1208826915152379904
1208694428577271811
1208683971057467392
1208648871582339073
1208849975054082053
1208642530662858752
1208748347017830407
1208647298202378240
1208813058509955072
1208656862524121089
1208850730385367045
1208823366758666240
1208748934283313152
1208874677692747777
1208940068242636801
1208739876126023681
1208657656124194816
1208812196152725504
1208842501597147137
1208704289042030592
1208637146095075328
1208781590555439104
1208783159577448449
1208657393669869568
1208707298555809792
1208821143051886592
1208653067450761216
1208748730222075904
1208842203709296642
1208967536521416704
1208774979338289155
1208735705125572610
