1210476728847609861
1210678715610472448
1210542750329909249
1210678553609674757
1210651501284220934
1210611244295741440
1210651320006402048
1210652946087784450
1210494315899871233
1210580350298185729
1210685397619150848
1210578956858068992
1210578936385720321
1210558895623745536
1210695834913902593
1210658681672613888
1210525057744855042
1210493880107458560
1210617374984019974
1210617235355488257
1210680808853458946
1210769683973992450
1210604952005025793
1210705462238306304
1210781506190266370
1210625805195390977
1210673053350404102
1210692856261873664
1210787845301882882
1210658429402042369
1210671873375244289
1210621194069856257
1210775213673046017
1210791861406711809
1210565633806602240
1210625955070447617
1210680979699974144
1210750578730524673
1210667485420236800
1210644995071451137
1210674921749090306
1210672667440930816
1210446206687752192
1210776531619856384
1210630299643760645
1210506091710353418
1210779143157121028
1210623242731499525
1210628223396196357
1210576854228381696
1210651501284220934
1210470887390109698
1210592521291751429
1210625055111159808
1210671132438872066
1210513730838114305
1210715458346852352
1210659622941581312
1210670474012905472
1210676236772659208
1210703532963307520
1210504730486738944
1210536146259890176
1210682300528246790
1210575529528700928
1210647971320270848
1210683740583874561
1210681915654713352
1210669664000458755
1210607506344595463
1210549317951524864
1210768109721620480
1210756189031583750
1210701888708104194
1210655813519454208
1210720538466779136
1210613822790275075
1210548818057605120
1210653438406791169
1210548938882920450
1210659630361264128
1210499943863111680
1210541851788349440
1210561152981356544
1210672198106648578
1210671650565447680
1210551715906433026
1210611647347380226
1210707995723784193
1210666880874303490
1210511080004435968
1210657886940078087
1210771961405530114
1210700852903763968
1210727529004199942
1210541062336524290
1210655359926439937
1210515099359891456
1210544986028199936
1210559281864552448
1210522721744048128
1210542728129454081
1210705296890437632
1210712275159519237
1210677617185185793
1210652274235711489
1210637836514451457
1210535580217548803
1210710841936535555
1210653740124057600
