1212026735816060934
1212049602616135682
1211937162284929024
1212047413441179648
1211898653910028288
1212133565657493507
1211959295409041408
1212033128233132038
1212092832774836224
1212204036566536194
1212124764531245065
1212028816677318659
1212032571355254784
1211933902018732032
1212025839216472075
1212002201603903489
1212018882875199488
1212103221013106688
1211941581500092417
1212070014460801024
1211998755244953600
1211932903904444417
1212022968706048004
1212042358361149441
1212020944467906566
1211902006232834048
1212106447724658689
1212090869676941315
1212063186620473346
1211965293205086208
1212066233933271040
1211934609015033856
1211945078828228609
1212010540060598272
1212010412461441025
1212082777203625984
1212023037610123269
1212023194506420225
1212129458238427137
1212034621627621376
1212231308870586373
1211966640834920449
1212046747683446784
1212083375189774336
1212035363532890112
1212039884342476800
1212001314558939136
1212023960268869632
1212031371251724289
1212118708925161473
1212142572342333440
1212023727027838978
1212020594667118593
1212019032221765633
1212041552597532674
1212002334508748805
1212041103513456640
1212046779988037632
1212067446280069121
1211892271483887618
1212021462535737349
1212110973810679808
1212033553019613184
1212224011381411840
1212025445761372163
1211907610322128896
1212038725011685376
1212056024720576514
1211921006983602177
1211948728413835264
1211941681953677315
1211973470088658945
1212006244204060672
1211960146068492289
1211997157408026625
1211998494162071553
1211962624986025985
1212058985374867456
1212124764531245065
1211947765284179968
1212119208521322497
1211949387573800965
1211951759687589889
1211947714109431808
1212199033961373696
1211950973213663232
1211993812563877888
1212001314558939136
1212008430493458433
1211949944673845249
1211965260699176960
1212018448924102656
1211996207637311488
1212034621627621376
1211978381241311233
1211995022595411968
1211950935582420992
1211989684311732224
1211951346515136512
1212039884342476800
1212035363532890112
1212118774066929664
1211990623454150659
1212075867175890945
1211989211651485696
1212003947604561921
1212026543549091845
1211902006232834048
1212079243745779718
1211995623140077568
1212103221013106688
1212082777203625984
1211991192688349184
1211977141996441605
1211937162284929024
1211947661152210944
1211989222757928960
1212042358361149441
1211960558330818560
1211973575579750401
1211925146962923520
1212045197259034624
1212189302131765248
1211943299294081024
1212237195731492865
1211950631428272129
1211999241335382017
1211916201259143169
1211991520628359168
1211948937067868160
1211988872948781057
1211989239161905153
1211949327792443392
1212025839216472075
1211948332362416128
1211976860864778241
1212011588422701063
1212062210547179520
1212152598683357184
1212009920834473984
1211935016583913473
1212003088720113664
1211911747948302336
1212009772213587969
1212030126361321473
1211906816726249472
1212074669299445760
1211892518369017857
