1203038358278201345
1202934942033993729
1202963987266187282
1202913251635400704
1203116836864299008
1202880694457794560
1203096838024441858
1203085498325049344
1203075918723526656
1203072796940808193
1203146453364940800
1202896527494131713
1203157797866811392
1203072237860986887
1203087887950139392
1203091342425042944
1203073966342062080
1203083993303961600
1202999371467497477
1203103097830154247
1202988771316289538
1203158306359037952
1202898097061412865
1203060200497983488
1203062073783181313
1202853372522569730
1203059918481301505
1202974630987915265
1203106649260642304
1202983744052838401
1203152337050722305
1203062311671517186
1202859185282699269
1202832337924501509
1203005216221782017
1202882827139866624
1203072796940808193
1202973512593481728
1203091342425042944
1203002818493394944
1203006138003922951
1203189834979909634
1203003739218550784
1203156750553235457
1203045938387980288
1203003652484554755
1202898097061412865
1202876922050555904
1203001219289174017
1203028246352273411
1202896527494131713
1203055954943762435
1203029155018878977
1203063778016944129
1203010079966056450
1203020460620992512
1203083993303961600
1203024162085888000
1202875800963469312
1203046766708502529
1203004295563612166
1202880694457794560
1203001672349474818
1203143214640881665
1203001755920949249
1203029004175003648
1203007455992729600
1203001377913475072
1203072237860986887
1203009182603120641
1203050027221950464
1203010139093184518
1202996647636164609
1203007399080157184
1203005482916552704
1202989905367961602
1203154575856951296
1203177656398876672
1202960265421213698
1202939659585802240
1203004236713336834
1203096494930313216
1202931361675382784
1203019666152660998
1203004356880195584
1203005468697923586
1203057859212255232
1203023213980274688
1203077977858355203
1203189214155808768
1202952983631273984
1202935253511417856
1203072570217713664
1202931973519527936
1203072749490573312
1203152696804593664
1203006429982076929
1203077649511387136
1202967286891585537
1203004773416554497
1203076409423470594
1202925495442165760
1203004327188738049
1203051354014572549
1202937795511226368
1202931738604920832
1203176311642116098
1203031951210360834
1203128997657370624
1202943197938364417
1203052523373944833
1202997913867182082
1203102950010368000
1202959141158998017
1202934975575863296
1202953551879819264
