1209822673230028801
1209797819722285056
1209846972150145024
1209767603037622272
1209736829496369153
1209748167140528133
1209970155087945733
1210060348650381313
1209734620356501507
1209733874709913600
1209824795791167488
1209776255115124736
1210030299289202689
1209884462579879938
1209918238206971910
1209790266858704896
1210022503403393024
1209720310338949120
1209737370129567745
1209767604497182720
1209790799988297728
1209735378925760514
1209870890386821120
1210058393978839042
1209748027960897536
1209791206118625281
1209736870927773696
1209898182085369859
1209990768775061506
1209959583344726016
1209733655024848896
1210064660453609472
1209754254388453376
1210068079159500801
1209978321401872384
1210055878646358016
1209896870455189504
1209874669215637504
1209866679318142976
1209857317384183809
1209940205626675210
1210055830663581697
1209732939061301248
1209733874709913600
1209791206118625281
1209790266858704896
1209735378925760514
1209918238206971910
1209859298358169600
1209933969946501120
1209965389784002560
1209783176924684289
1210019224506294337
1209964244747407360
1209969353971707904
1209964713532100608
