1207755554724163584
1207573692177428482
1207621562293080065
1207581421277261825
1207592631309668352
1207879119884738561
1207665937362702337
1207598722928041985
1207651454863003649
1207661345279098880
1207586329237872641
1207573344981270529
1207697931983298562
1207658291289108480
1207606040621146113
1207771954998128641
1207596399153549312
1207691289199861761
1207737552373002243
1207598762769764358
1207568969818869760
1207713672816156673
1207618940345704454
1207841708035248130
1207623747773046785
1207765140734709760
1207857915731820545
1207635033357463552
1207657816351223808
1207689714259632131
1207545384127598601
1207714766422192128
1207599918296248320
1207666249586692098
1207556963095261184
1207646356732547072
1207701838776193024
1207626226350858240
1207562648642031616
1207583634380722176
1207791071264149504
1207840308513398784
1207714613002997760
1207559592282120192
1207562088404656128
1207619588374040584
1207654332528771073
1207840509705805824
1207729206009966592
1207586206348804096
1207643494803820544
1207703077773557761
1207651381395501056
1207734498756046848
1207569811246632961
1207714879941070848
1207701053354975232
1207712822181924870
1207721336434544640
1207680454939303943
1207661237523374083
1207594655333920768
1207701618872987648
1207651397652688896
1207731855648276480
1207566541539151872
1207628370785255424
1207558794408079360
1207567578270502912
1207630584308256773
1207558927531020288
1207567966704979972
1207867897336467456
1207760918375018496
1207620880928518155
1207594924662616064
1207605420698853376
1207715021670797313
1207736097104629765
1207668361347452928
1207740251508215808
1207559206934585344
1207593843421528064
1207730473037897731
1207545755604570113
1207574329199910913
1207558828629413889
1207556584320258048
1207677382666203136
1207715166466564096
1207630071760138240
1207731890595225600
1207760278575820800
1207571003125256194
1207697019126648833
1207557199398146051
1207560918160302081
1207712422087331840
1207592584190799872
1207860270779031552
1207830662998372353
1207712058738958337
1207752545449496577
1207669659182469122
1207624448351838208
1207573303096950785
1207577247063969793
1207571738000801792
1207643521336971266
1207840532728360960
1207742687232888832
1207643169422229506
1207805633791180808
1207592617728454656
1207768040273788928
1207738952167366656
1207738879270359044
1207900701797634048
1207779974775738368
1207741873869271044
1207620445140328448
1207620630088208386
1207557865600405504
1207587900419923971
1207548904071405569
1207828847061811200
1207713747965480962
1207797550729834499
1207568706345324545
1207660836879294464
1207828826660777985
1207711593817133057
1207774577394421760
1207725573608476672
1207674787704836096
1207577434889105408
1207556584320258048
1207594924662616064
1207643521336971266
1207712422087331840
1207737552373002243
1207624448351838208
1207566541539151872
1207658291289108480
1207620880928518155
1207657816351223808
1207765140734709760
1207722680398622720
1207713672816156673
1207569811246632961
1207734498756046848
1207545384127598601
1207714766422192128
1207594655333920768
1207715021670797313
1207545755604570113
1207623747773046785
1207714879941070848
1207715166466564096
1207643494803820544
1207556963095261184
1207668361347452928
1207666249586692098
1207720546806439938
1207769344173912067
1207778187721224200
