1207270546519580673
1207367503917330432
1207192108840423425
1207234305874964480
1207292362537521155
1207224535990308865
1207196657047293955
1207267207165726720
1207229489119449094
1207229638164074497
1207451642993528833
1207509143365525509
1207330046085681153
1207267146427961345
1207267162630623233
1207239405372674050
1207302570655592448
1207282873151217670
1207302249044676608
1207196540814741505
1207222329283092480
1207225269884538880
1207239433247961089
1207241814358548480
1207211931012157440
1207516555862564864
1207241902497681408
1207278241402241025
1207234803252285441
1207208909540331520
1207271933013905408
1207231409397608448
1207248837598941184
1207199725780271105
1207228929569775616
1207266908472594433
1207186415618084864
1207302825421811713
1207229979039346688
1207304269059231745
1207312029050163200
1207241924891025408
1207411891594772481
1207278237463629824
1207444779837149184
1207220041919455234
1207241936941322240
1207322696150708224
1207432323765096448
1207302819096793093
1207391988267528192
1207379296928649216
1207533169811083264
1207356023490650114
1207335688817053708
1207194518782726145
1207226474178187264
1207264687601147904
1207285115199594496
1207341268625510400
1207247665286791168
1207282383109668864
1207320518480814080
1207540184948060161
1207185706373844995
1207338607327031298
1207491676622610432
1207264245647335424
1207388326241681408
1207314169227292673
1207513775596851200
1207279460208316421
1207183791539785728
1207424855370616833
1207316625839599617
1207379670599159809
1207285869192916992
1207355903722299392
1207338981215608832
1207322250573238275
1207320454874181632
1207195671285174272
1207268736383823873
1207407787623366656
1207295896096034817
1207395017842663424
1207328352404680704
1207241946533703681
1207436647744323584
1207382984577503236
1207326813883707393
1207347505752690689
1207325659099471877
1207330071125659648
1207224535990308865
1207225269884538880
1207325659099471877
1207239405372674050
1207270546519580673
1207192108840423425
1207229638164074497
1207234305874964480
1207211931012157440
1207278241402241025
1207302249044676608
1207196540814741505
1207231409397608448
1207229489119449094
1207229979039346688
1207292362537521155
1207335815304663041
