1211338640674217990
1211173867818848256
1211307650388021253
1211286755619561473
1211255257285742592
1211403017129467904
1211272182854234112
1211330730883723265
1211219197037965312
1211285226581831680
1211219194882097154
1211349508833103872
1211284899723960321
1211267724887887872
1211349087733334016
1211221190590644224
1211506244600643585
1211307190839136256
1211268297087488000
1211325351294590977
1211323595768643584
1211173870838763520
1211246158393364482
1211285204897353728
1211351759882465283
1211340884345806848
1211257886724120577
1211219197813899269
1211221191395958785
1211329246431453184
1211221188438982661
1211173871572750336
1211316606908940289
1211260001798492160
1211396703967993858
1211240292743032834
1211233619240476672
1211522282608353280
1211332717092188161
1211259991191097345
1211329246431453184
1211284899723960321
1211267724887887872
1211307650388021253
1211349087733334016
1211351759882465283
1211322145701273605
1211512349888253953
1211350008378875904
1211434571100651520
1211404549543669761
1211525961457569797
