1209516196892205056
1209484304499253252
1209442258614980608
1209483813908353031
1209522375047417858
1209541990225985538
1209540384365457408
1209479333305311232
1209451684667232256
1209542568419241985
1209548602302967808
1209501899457777664
1209414977276301313
1209484439752982528
1209483459867107328
1209545167847469056
1209660703948361731
1209519367207182341
1209495688494698496
1209483314324791296
1209649271802355713
1209486164559876097
1209475690292240384
1209475283377643521
1209560539468308480
1209545136729923587
1209635406888816640
1209516676473077762
1209491860739239937
1209490616704552961
1209701065089785856
1209416263023415296
1209700200605990912
1209687306669608960
1209575976486789121
1209583281429237761
1209402044823592960
1209535539185147904
1209593571386503169
1209592227154026496
1209575080038191107
1209487476286509059
1209471803829182464
1209529134793285633
1209601399337705473
1209463700404523013
1209470781287288837
1209708083242586112
1209460929412452354
1209601077416546304
1209496329430458368
1209360015980716032
1209439304675659778
1209505756736892928
1209601906512973824
1209556381508022273
1209568121024966656
1209701279301349376
1209551937273827328
1209494805975310336
1209494827940950016
1209708287895232512
1209597324923691008
1209508729294594048
1209476254514208768
1209483093033324546
1209415725804326914
1209483459867107328
1209476254514208768
1209649271802355713
1209483314324791296
1209522375047417858
1209483093033324546
1209475283377643521
1209540384365457408
1209519367207182341
1209412503584854016
1209526690382266368
1209542591743700993
1209567578689028096
1209575603302735874
1209522752291573767
1209529782549012480
1209534376419241984
1209571933597122562
1209536263793127426
1209606218299432960
1209524768191451140
1209567887121420289
1209562543292858368
1209534465166520323
1209579976078626816
1209526500032221184
1209522811812950017
1209568608218746883
1209578463318990853
1209561858115547138
1209530516032102405
1209525287060422657
1209353639669719041
1209543310492213248
1209533911937814529
1209563368757092352
1209524335045726208
1209374980099772416
1209358333758648320
