1208350891121795073
1208276884271828992
1208401436905791498
1208299249835921413
1208412820506890240
1208454973161398272
1208443557998034945
1208331040932204550
1208513701143306241
1208463547841286146
1208449641911595008
1208331644144439296
1208507113611374592
1208290855947325440
1208365334513799169
1208349751709749250
1208347265351475200
1208445265616785409
1208282893992235008
1208394605894545408
1208272995560644608
1208274414804054016
1208556095687581697
1208449066495094784
1208439758889857024
1208316284011778048
1208436494874087424
1208296294499962881
1208353420224143360
1208322576264650752
1208427538109865984
1208462562418933761
1208341975742787584
1208594679811452928
1208533625010098176
1208320602462990336
1208270811246792704
1208488451726827521
1208299022064197634
1208310375323774976
1208432315220795392
1208459158950993921
1208449976193503233
1208433312135569416
1208304464475627520
1208343505959038976
1208334357087293441
1208612532820283394
1208612614881849345
1208487218999939072
1208618328522133505
1208427349374644227
1208302678662615046
1208297585808687104
1208398518525857792
1208455288967385088
1208608330366816256
1208618406804631552
1208414737513566209
1208459770686058497
1208393261334839297
1208388861153423362
1208412820506890240
1208270811246792704
1208427538109865984
1208621525714309121
1208502600364150784
1208501675524345858
1208519465123667969
1208503927538429955
1208604297589673984
1208500480088924160
1208593563665100800
1208555293216559105
1208620044281950209
1208620624123453442
1208627288901849088
1208618030240014337
1208557743512150018
1208517977538224130
1208501243917803526
1208501963333218306
1208507358252535810
1208501930139537414
1208521144548175872
1208593360144998400
1208526426120556544
1208624718250696704
1208525276692537344
1208313718947418112
1208501213274267648
1208500813909446658
1208515981246681089
1208505144079335424
1208592738654007302
1208523637004869633
1208575873126977536
1208503661686657024
1208541822705909760
1208582002640916480
1208505460606820353
1208518763789914119
1208524809606438912
1208585346432339970
1208505171296292864
1208520250226024449
1208517721878597632
1208509430335262725
1208505778249842689
1208505763360104448
1208501695254343680
1208610436448497665
1208501146710614016
1208500564914507776
1208507226161324033
1208506240067932161
1208503692699283458
1208500940678057985
1208501535480668160
1208517478525079555
1208502739409547264
1208574164304617472
1208520333273288704
1208501513523548167
1208623321484578817
1208526895987482626
1208506971743232002
1208522060286349313
1208504416258732032
1208589992924237829
1208501465318342657
1208530965569687552
1208562634561409025
1208542638896484352
1208512224278568962
1208531163784060928
1208501986108362753
1208593864216461312
1208604377948336134
1208523405806505984
1208504385929695232
1208512904187785216
1208515849688145921
1208501471450451970
1208502738126082048
1208578598967361537
1208506194257752075
1208500764315967488
1208555620288339968
1208503262720253958
1208502436081606658
1208507614050574338
1208506562232377344
