1205998722519306240
1206072829411823616
1205987171741491200
1206078880441937921
1205818750332809217
1205983708999749633
1205960623663833089
1205818081412554755
1205849537824333824
1205791518885339136
1205936908318265350
1205770522426007552
1205806248752537601
1205852932127830016
1205799985629011969
1205775742069551104
1206077754682171392
1205987505906036736
1205849162421559303
1205818577116372992
1205980082386300928
1205799458665041920
1205884032267018243
1205892531017244673
1205895693321359361
1205823431985504256
1205917669549133830
1205924144434569219
1205826810686164992
1205827586506600448
1205822698548543488
1205865753968304128
1205824490275508224
1205945269449302023
1205821963589111815
1206010729465298947
1205995097617321985
1206031668135518214
1206020979270541312
1205998764818870272
1205874411032723456
1206040643971276802
1205995706907013120
1205930437450833926
1206078275304341505
1206031960700796929
1206021413385232385
1206049515503009792
1205813278330556416
1205892018888740873
1206082649019895811
1205848558680891395
1206018037574488065
1206017931047559169
1205900555329179649
1206021913535025153
1206021664271687681
1206005160641794048
1206079617498537985
1205995136083267584
1205952073856098304
1206014454040797184
1205915795315929088
1205910060263780352
1206039731651403776
1206022446081617921
1206023411228692481
1206020281795588096
1205897762992197632
1205997635833933825
1206014530100310016
1206035068461944832
1206014336457728000
1206086267051610112
1205915371842215936
1205992116687659008
1205848077766189057
1206036608639799297
1205818081412554755
1205998722519306240
1205799458665041920
1205903598347018244
1205895693321359361
1205815041091653632
1205983708999749633
1206071725173215234
1205874104873758721
1206036608639799297
1205865441563820038
1205799985629011969
1205784083504226304
1205771051470327809
1205924719314247681
1205808904384471041
1205834321858351104
1206044905778364416
1205770948600877056
1205770921115619328
