1201817687464136704
1201883874319581187
1201882580980768770
1201995048172343296
1201750261451984896
1201778436580077569
1201850132452577283
1201949892547141632
1201864639283380224
1201884089277702146
1201750263582744580
1201960280621813760
1201967051805528065
1201948783992594433
1201817690546950144
1201780459216093186
1201892969579724806
1201790196334972931
1201818778864168960
1201914260022054913
1201976540281614342
1201913359190429696
1201917068343422985
1201912963160068097
1201922794189205510
1201912519767601153
1201891827000975361
1202078426850562048
1201918741669404672
1201915219834032129
1201771349011767297
1202078390884487170
1201917452797587458
1201945771760857091
1201944525863870464
1201815474604007424
1201913798216634368
1201744880348913665
1201919811497988096
1201765106390048768
1201962408329273347
1201912491342729217
1201912519557832704
1201912588109598724
1201762547126419458
1201957437818970112
1201832324993818626
1201912540248322048
1201944300264837120
1201912590932332546
1201924237121982467
1202036920399863808
1201914418096955392
1201912905614209024
1201916763312738305
1201915979770544131
1201913305058684928
1201915299798237184
1201977324180127744
1202000000303140864
1201913232698556416
1201832785813688321
1201939146526384135
1201929470275465218
1201785046832566272
1201921246717521920
1201915631563673600
1201940117033758721
1201961642541682693
1201835429496020992
1201936900912795655
1201920835747008514
1201919656379985920
1201851905137430528
1201835489617174536
1202004885836894208
1201953139307495429
1201880847022010368
1201795611005198336
1201948783992594433
1201882580980768770
1201881509935890437
1201893526457454593
1201877615893786625
1202095158399053829
1201903877085380608
