1208136394960449536
1208066742242697219
1208100416224931840
1208086333471830016
1208050465340088322
1208063477744644107
1208035142285086721
1207991158397386752
1208219740327559168
1208070205294952449
1208154025071235072
1208099596548943872
1207946274881839104
1208088591164948480
1208202099617599488
1208050022744576000
1208102519345471489
1208065601819811847
1208058871970963457
1208128238167494656
1208064256765255680
1208147276981362688
1208102758605344769
1208135903337701378
1208073896869683201
1208055269940453376
1208102675499364353
1208067457199562752
1208058262614085635
1208061498020519936
1207921666850017281
1208136557930176513
1208178485866487808
1208065756640006145
1208074234301419524
1208066285818597376
1208091980129079296
1208125381682839552
1208082264132915201
1208064021095686145
1207963097505378304
1208174458353139712
1208123934207598592
1207961971041218560
1208050780240072704
1208079511386034177
1208074756110635008
1208096769466392576
1208052349178195969
1208176082228260864
1208052436738420738
1208106850547388423
1208037626047029250
1208069406502330368
1208089541338423296
1208232478005170176
1208230468761587719
1208108540403036160
1208034071252733957
1208045758848622592
1208058995124121601
1208065706174164994
1208103922591813632
1208068259095949312
1208033736551473157
1208073677532811264
1208243304481067010
1208143532982181888
1208068106775609345
1208060124490862593
1208050758043631623
1208049416415981575
1208141941902327808
1207920276593348608
1208065684577673221
1208102408175439877
1208086910998110210
1208131695569977349
1208050083155128320
1208015717964140545
1208105684698648576
1208050688258904064
1208046147606130688
1208052816281030656
1208052129790930944
1208098403877638144
1208177533130346497
1208085094751244290
1208066637624201216
1207980157266362368
1208167873895632896
1208162268212535296
1208063814719168512
1208134854229053440
1208102372049854464
1208052821062541321
1208080782369136643
1208115460312588288
1208116651008417793
1208059377690775559
1208083202310582273
1208111598168096770
1208231819474325505
1208132253169201153
1207983246325297153
1208112867112898562
1208089606102700033
1208064940214542341
1208044310865883139
1208098482919268352
1208115239486730243
1208052732499759105
1207930174886567936
1208102253799911425
1208185305335042053
1208059161281478659
1208087040983814144
1208081343751606273
1208139085044502528
1208143651114815488
1208240028754882561
1208070340196413440
1208255787081986048
1208081142475378694
1208077226421424129
1208074011646873602
1208071708223188992
1208102448595963904
1208079710040797185
1208073278662860800
1208094756217245698
1208125427220389892
1208063845337632768
1208148260193554434
1208141335527604226
1208074189183344640
1208032928627863552
1208051025766178817
1208154817690054663
1207916179387490304
1208074790071885830
1208155960436494336
1208033890234970112
1207965649508667392
1208073261961097217
1208032384748343297
1208119568432091137
1208051571407364100
1208097633916424193
1208070431955181569
1208132693856280578
1208099061624180736
1208063881802858496
1208035401899880448
1208097396938416128
1208051630362509314
1208034373695655939
1208089243152764928
1207958547599896576
1208001349331423232
1208070786537467904
1208046279395332096
1208234976166260736
1208148296897839104
1207936159512498176
1208120188761231361
1208161249441308673
1208065110092193792
1208052383881797635
1208075682821103618
1208121666188062721
1208204778737668096
1208069173139693571
1208052844328304652
1208065117444853762
1208053753800220673
1208059814103965703
1208138506230521856
1208086657460842496
1207941895198007296
1208121166831013895
1208214960251326464
1208083037092818945
1208020874068189184
1208123976020561921
1208008884427919360
1208002015982428160
1208021762069450753
1208263952360185857
1208107292165595137
1207998808522665984
1208127885111939075
1208081888558096385
1208149310212362251
1208153505497853953
1207994715267833856
1208018681902571522
1208040301283201024
1207972475432296449
1208033890234970112
1208101945493401602
1208096769466392576
1208102408175439877
1208178485866487808
1208064256765255680
1208116651008417793
1208063845337632768
1208073677532811264
1208102253799911425
1208102157796433921
1208052732499759105
1208032384748343297
1208066285818597376
1208050022744576000
1208017237354958848
1208011988233838592
1208018525840969728
1208086446646681601
1207963085161545728
1208026837718315008
