1206867964458414081
1206959388562460673
1206925809556045824
1207055219038867461
1206986764629487617
1206971119644954632
1206925787066175489
1207176724255039488
1207000459543810048
1206960065779052545
1206976657929707521
1206937282181304321
1206867704868724737
1207000251573456897
1206907106114330625
1206873290641485824
1206834182053339137
1206974521548427265
1206936707893014528
1206954936942108672
1206848057897299968
1207033136175075329
1206925695018029056
1206914668662534145
1207087789617164289
1206835489216614401
1206974342216736768
1206928904578981890
1206989574561583107
1207042790586224643
1206866091944873984
1206947886593904640
1206982496166039552
1206964815677263873
1206925547294646277
1207056667784945666
1206835911864008710
1206945425888034816
1206960034145603584
1206897123565785089
1206977704240844800
1207068585232916481
1207046999196999681
1207140752633061381
1206873089990111238
1206840097959763968
1206838527276855296
1206845407206289409
1207083360490795008
1206832879214436352
1206903629300535298
1206831703215476737
1206885752619094016
1206834386542452738
1206890067907747846
1206831726993059840
1206888023394267136
1206942444849373184
1207050205721505793
1206910149786517504
1206905707989217281
1206819903434563585
1207149691714068482
1206875427320586241
1206944280696242179
1207040447878696961
1206961423747866624
1206823205203333120
1207004979309010944
1206992578161319937
1206885506950344706
1206843838230355969
1206827318838206464
1206839002097168384
1206829594214572034
1206851184922902528
1206870431120138240
1206960362500829184
1207158394773278720
1206943101828423685
1206821055383457795
1206837858755129344
1207053550041337856
1206899572846596097
1206846187044818944
1206857234354974720
1207148186512568320
1206893665119019008
1207101133677875200
1206967740050874368
1206818099602714625
1206923463979675648
1206986706131574785
1206918911930884096
1207045926461808641
1207032279886901254
1207110861099278336
1207035655848632322
1206882763984515072
1206838366534287360
1206855192785948672
1206845861738745856
1206829178324234240
1207152423732731905
1207047344056946688
1206938588170129408
1206878871943106560
1206866541926633473
1206833736022663170
1206942656003264516
1206995621405704197
1207136111572791296
1206875834629459968
1206817148770963456
1206967798498549760
1206872364841086978
1207077655008419841
1207044402511843328
1206871764225142784
1206856683768688640
1206839271358943234
1207094836542812160
1207152398575296512
1206850326424367104
1206969588581388290
1206902462575251457
1206873304419753984
1206954707773726721
1206919876159389698
1206997046227546112
1207173832634753024
1206946047081242627
1206819804079935488
1206832106749485056
1206885458782949376
1206863127461138432
1206882122725761024
1206928049641529345
1206962549142544385
1206828934672920576
1206838006088384513
1206976178713776128
1206826486705119233
1206891796942458881
1207091129256206336
1206986001018736640
1206856417745022977
1207175002799378432
1206878993456259072
1206843881234546688
1207163779852783616
1207020205182005253
1206974511616319488
1206858024444420099
1206955696866177024
1206913588193058816
1206962466703499266
1206823509890076677
1206851527719182337
1206825340015972353
1206932379719405570
1206818308156248066
1206899306852159489
1206873219724185600
1206838637867995138
1206906925411184642
1206894672548892672
1206987883023884289
1206816830205116418
1206892549178310656
1206922073605586944
1206839293706006529
1206920837393244160
1206925552881479680
1206826066981113856
1206960654718046208
1206991173782515713
1206847997532934146
1207072296025960453
1206897550105698304
1207009880864952320
1206836586043719680
1206993669087203329
1207005180136431616
1206939767209971712
1206836533870972930
1206830514776264704
1206831738774839297
1206968011774681090
1207080894504280066
1206838761994240000
1206881060732178434
1207081213254651910
1207002010274406401
1206862030617161729
1206878666166358016
1206839751501856769
1206979153674801157
1207136615904231425
1206937216435605504
1207091698704224256
1207074014394560513
1207000459543810048
1206897123565785089
1206925547294646277
1206974521548427265
1206873290641485824
1206866091944873984
1207000251573456897
1206974342216736768
1206867704868724737
1207055219038867461
1206936707893014528
1206925695018029056
1207056667784945666
1207176724255039488
1206867964458414081
1206834182053339137
1207046999196999681
1206924595539918850
1206888520926846976
1207006603708444673
