1202327102621655044
1202183653691932674
1202274574022402049
1202307536235290624
1202273796700491778
1202273320152027142
1202272805523480576
1202261166736719873
1202276073490153472
1202264064556175369
1202264308274597889
1202290103172943872
1202285746540990466
1202280306797162496
1202162519260966912
1202184275321339904
1202430120117592065
1202273940913000448
1202177805414518784
1202260603773104129
1202334969332424704
1202288436905992193
1202262171339644928
1202307490433683459
1202265005422301185
1202117778184065024
1202320832233689090
1202112836358606855
1202401613245222914
1202174884094328832
1202289648791367681
1202273151629086727
1202273102174064643
1202273179907117056
1202177697692164097
1202426601469874176
1202277546315960320
1202323886857175046
1202118242711560194
1202191087676182528
1202225400161669121
1202147323306008576
1202129187533926401
1202273577397104641
1202337790677131267
1202159213356736514
1202249001116012544
1202118949141405696
1202399189998718977
1202289945525805056
1202278049414295557
1202277639555354626
1202241788892700673
1202261107467018249
1202243699897446400
1202327874679775233
1202288749796904960
1202307466840682496
1202182909924429824
1202273454659117057
1202347482421682176
1202123339076161536
1202459324154556416
1202234099638951938
1202185635802624001
1202369518850494464
1202281192793477120
1202266529326387200
1202275192581570563
1202242785635528705
1202311690123120641
1202120612413612033
1202277467970588672
1202309049691377665
1202161760033288192
1202170435422609408
1202231622709530625
1202183399605231617
1202185753335386112
1202178948312051712
1202131355498418176
1202220241792708608
1202227822321946624
1202183303501111296
1202220306158497793
1202178820297707521
1202188476487274501
1202168991126605824
1202251085370576897
1202181191920766976
1202166609919516673
1202152912165769216
1202168285099376640
1202264132097073153
1202249555980562432
1202185789481857026
1202138318831575040
1202261371255218176
1202175145990860805
1202173232251637762
1202172890252226560
1202291240181612544
1202201059831222272
1202354567565975562
1202198713965465602
1202406341458968580
1202168767867949056
1202210806840070145
1202155625985298433
1202229453297983488
1202169133137350656
1202162307121504256
1202168953310724097
1202169477342867456
1202241257587781632
1202169148060639232
1202167793250185217
1202178328075079682
1202185596195803136
1202147561697615872
1202189856362975233
1202200302251843584
1202169353459978240
1202191202227048456
1202209779126591490
1202199714524995585
1202260081896763392
1202186522096738304
1202169022390947840
1202168986991046656
1202169548352507904
1202191473464270854
1202184334922440705
1202169694767190016
1202169072160530434
1202224775122292736
1202168999129370624
1202260603773104129
1202273940913000448
1202334969332424704
1202225400161669121
1202272805523480576
1202118949141405696
1202261107467018249
1202112836358606855
1202264064556175369
1202309049691377665
1202174884094328832
1202262171339644928
1202273796700491778
1202311690123120641
1202307466840682496
1202323886857175046
1202120612413612033
1202307536235290624
1202183653691932674
1202118242711560194
1202307490433683459
1202182909924429824
1202273179907117056
1202185635802624001
1202426601469874176
1202341689379246082
1202455825102573568
1202344918896840706
