1204385048914546694
1204434916747960323
1204589642458312704
1204411624670425094
1204563638700388354
1204287718873845760
1204417031027560454
1204325115430940672
1204500849655001092
1204474133792342017
1204342043176325120
1204301676737388545
1204445518136516609
1204415944950308866
1204443427196289025
1204338470426157056
1204362329133080576
1204337030093819905
1204311390644850688
1204308784564359168
1204542550683660288
1204449801095598086
1204291828494848000
1204320078210224128
1204307531935256576
1204330223581446144
1204302797237293056
1204330068597780481
1204285825942466563
1204401269852520448
1204336109767057408
1204314297863692289
1204310992328548352
1204378114635288576
1204315156467068930
1204398743233191936
1204326624184995840
1204597243820593157
1204506664982007810
1204313265012137984
1204386658545741824
1204348629391155200
1204412914372792320
1204319874299957249
1204331660013117440
1204289124406112256
1204366690911432704
1204416529707630593
1204481647032315904
1204296064293122048
1204517086724317184
1204440790623240193
1204297440020586501
1204380831940325377
1204311524753465345
1204398746391523328
1204385991437537281
1204333984978817024
1204425989176152064
1204448118634360832
1204387552054185984
1204282144228564992
1204293258148556801
1204286680334819331
1204481962636926976
1204325173949808641
1204343409420460032
1204615372839755776
1204331076472201216
1204289844727484416
1204513423024889856
1204286282496708608
1204510302219448321
1204516667948240897
1204456666399424517
1204456266732621826
1204456495250841607
1204474711935242240
1204415123923685378
1204597167626891264
1204474881900982279
1204555865795239937
1204484448206688259
1204472565210734592
1204359471289552896
1204487063103582208
1204288155186352128
1204388020423725057
1204470530574880773
1204414681948884997
1204508398030610433
1204506275087896579
1204350216822022144
1204301686266875904
1204621278994468864
1204474769409761281
1204346782857256961
1204449095127064578
1204349322730577922
1204322633048903680
1204318296952201218
1204505028586807296
1204397662847602690
1204631273467199488
1204475192568958977
1204344565819494400
1204457760378806272
1204326452008833024
1204309234327916544
1204459005227229184
1204433644678533120
1204313860636905472
1204382373195984896
1204469933339529217
1204493703743754241
1204475053875875841
1204328407720439808
1204461071970553859
1204484654092435456
1204509789373583360
1204459213113712640
1204351602880110592
1204483615347875840
1204461759165169664
1204461148025823232
1204455566313246721
1204314793349451776
1204328948848615424
1204337453789827073
