1209061951327719424
1209108493577474053
1209108747613806594
1209021929912446976
1209063981651906560
1209163451161030656
1209160540637061120
1209047356659961856
1209227358655459329
1209226911613956103
1209026819384627200
1209182565669707777
1209245170123694080
1209155854223773696
1209193300399460352
1209164259399258114
1209021354927886336
1208996541064564737
1209023319661535232
1209171945520009217
1209211424347709440
1209305556374056960
1209150968484511748
1209114130151591937
1209189641582235650
1209029404606812160
1209307136628539393
1209043035658637312
1209246349406982146
1209323096395661312
1209185577196818432
1209088602984062976
1209210213556981763
1209033251563528193
1209113239096823808
1209150812674498565
1209210287179665408
1209042017747116032
1209045384317865984
1209064930047152130
1209043535661539328
1209175985171681280
1209053431383638016
1209201106590535680
1209226911613956103
1209122882154049537
1209228787084333058
1209164259399258114
1209023319661535232
1209063422899507200
1209048148213161984
1209021929912446976
1209048277271896064
1209053490577842179
1209210788830941186
1209280151311310849
1209108037069357056
1209025023912136710
1209026819384627200
1209092499526029312
1209027730123218944
1209160540637061120
1209068661509689344
1209140787189108736
1209046563248578560
1209094200614117376
1209035328545263616
1209109486268551168
1209047387043454977
1209159494351151104
1209340027865616386
1209139166350626816
1209132163586830337
1209131627730870273
1209225423932055552
1209161494153383936
1209132437286113282
1209138879246356480
1209236284557922304
1209145867221061632
1209067490682265600
1209132251386175489
