1204865673488470022
1204646087010607104
1204834244314517506
1204760998986571777
1204648746140651520
1204960677472931841
1204768468282810369
1204678542740508672
1204754003260784640
1204965433545281541
1204968219762733056
1204979088215224320
1204974061174046721
1204964722040332288
1204970178565591041
1204967891562565632
1204964957500125185
1204971984125407232
1204721079186591744
1204977649749254144
1204691995597377536
1204716811167633410
1204906685225218049
1204768468282810369
1204691321581113344
1204683333772496896
1204874760561315842
1204863756951523329
1204967700767920128
1204937163328163847
1204849213814820865
1204850837777981440
1204882925277368321
1204766950716514307
1204859963568340992
1204848432466317313
1204837241568333825
1204704542702678016
1204736529454768128
1204840023230693377
1204833885168787457
1204653361141866496
1204746741410652161
1204909963208011782
1204646804119273473
1204853467862458368
1204735055832256512
