1205491715873869825
1205440701732937728
1205441894077079557
1205538875311042566
1205448749440483329
1205634004961169408
1205443121770848256
1205648067313225729
1205444391365677057
1205455162925625347
1205473131927932929
1205490405409726464
1205443418622742533
1205473238475853829
1205622193855565825
1205461250421018626
1205457908466700290
1205523973993377792
1205588069052829696
1205478235607318528
1205523551903780866
1205416156577882112
1205669416526057472
1205610219167977472
1205442034213019650
1205675898495754241
1205598698669051904
1205402764769189888
1205629274214023168
1205475128898965506
1205722088717406208
1205434716507258880
1205538604891693056
1205450035175002112
1205492073698385921
1205408202160033793
1205685712319909888
1205675098138480641
1205524597355012097
1205445123011690496
1205452030694903808
1205544571482071041
1205478738974183424
1205502279513718784
1205654345271988224
1205449585092640768
1205431352511934464
1205520746665132033
1205396862402007040
1205698837337313280
1205718930683092992
1205553030868951040
1205389795377242112
1205698981369667590
1205490148798091267
1205699171312979968
1205440044615516160
1205434716507258880
1205492073698385921
1205444391365677057
1205544571482071041
1205416156577882112
1205440701732937728
1205443354873548800
1205486796315987968
1205586665961594885
1205438042049306625
1205434572864970752
1205413065199685632
1205433938635833344
1205456752042561537
1205430869042847744
1205429992806658049
1205483919497400320
1205428816035889152
1205429122413060096
1205488243246018561
1205429600110727168
1205530527064834048
1205428716396064768
1205509930712735746
1205430533909549056
1205511395724447749
1205512042867769346
1205596745771687939
1205545275873472512
1205491707925671936
1205428903097049090
1205445394982932481
1205590373839654913
1205495996152717313
1205448013390450689
1205413054210564096
1205467343280840705
1205382958410063872
1205413001966366720
1205637080279330816
1205424708998631426
1205377743141134336
1205414476767465473
1205637028680994816
1205431178225958912
1205414435248050177
1205386922492907520
1205377332715884544
1205378135757402112
1205397892611137541
1205382627294896129
1205399982947422209
1205384168718446592
1205399285120032775
1205384219209469953
1205379297722163200
1205467134727471106
1205378890002305024
1205603139140956163
1205384049239441408
1205382594797490178
1205442230296760320
1205399211094745088
1205384301598171136
1205395897179357184
1205377953531678720
1205384009565515779
