1206276755436253185
1206116577600581632
1206322363341660161
1206100597683834880
1206212392293666823
1206132562319400960
1206276368775962626
1206132565213450242
1206407611102437377
1206236746326790144
1206230839006126080
1206267844410908673
1206268398675615746
1206283292963721219
1206419091600367616
1206437948381704192
1206239448008146950
1206153403178668032
1206232858265825280
1206124085509382144
1206196264364367873
1206223735885307904
1206250769734946818
1206223652506755072
1206124081780682753
1206215310816227328
1206209645951508482
1206304061722628096
1206290631070486529
1206244171796951041
1206270867090681859
1206424066632167424
1206244571509936129
1206230833503203328
1206303049058324481
1206242948519800838
1206198382462668801
1206096059115753473
1206102451893547009
1206268596550340608
1206107905512095744
1206248624084148225
1206282197000433664
1206303662437474304
1206317610347958278
1206331199830085632
1206314608933449729
1206333758250659841
1206335402518491136
1206331152082120704
1206399816101703682
1206305654870347777
1206318093171142657
1206318434365124615
1206333001531088896
1206394449682665472
1206309753531572226
1206444776448561152
1206308892034158593
1206431333855178753
1206370857360248833
1206284388494970881
1206316870787379200
1206422552614182912
1206339279980572678
1206341276439851008
1206282640640413698
1206322297306599428
1206395390360268800
1206426572569415682
1206370836439060481
1206305311621107715
1206299400500318209
1206301247038533633
1206308734340870144
1206353516194869248
1206299138423439361
1206418377931153411
1206335326945447937
1206342645481693184
1206307548086906880
1206307617943048192
1206314314740764672
1206300289789300739
1206295929667633152
1206309756601880577
1206420954164944896
1206321301037694979
1206303981879910401
1206340096938663937
1206315066112577536
1206309735538012165
1206322013251481602
1206305633110233094
1206430021935673345
1206325770005745673
1206305320143933446
1206413740868034571
1206313132081238016
1206309373900931072
1206315407809888258
1206422533429452801
1206432005040353280
1206332540048596994
1206328568768319489
1206445388020035584
1206312813339262976
1206314731692269574
1206431048906788865
1206324615594811393
1206308020227059713
1206306455009271810
1206439401972207616
1206312763771019264
1206298360107417600
1206294168378728448
1206306991280459776
1206328294976708609
1206335938026246145
1206282154742816769
1206309447058051073
1206322896672559104
1206390397129363456
1206307621545926658
1206289213785825285
1206320734777282561
1206324317623074816
1206330924452974593
1206342486999875586
1206350266565566464
1206328654705414144
1206355856465571840
1206432477335707648
1206307176408637448
1206309795659239425
1206320332816224257
1206404448328802307
1206445086235598851
1206316590842679299
1206399669212995585
1206343394349506560
1206309917335982081
1206301972388823042
1206365735850778624
1206357024688226304
1206417926535954441
1206321137933856774
1206331035497226241
1206314209274929154
1206350793361768454
1206306965795852295
1206309053720334338
1206389528069623808
1206297668068225031
1206419991899365378
1206435120506376192
1206314739506327552
1206407192645111808
1206448635015245825
1206306850112712705
1206342189602803714
1206443227550822400
1206312030552113154
1206371150902767616
1206308764472754183
1206444650954932224
1206291122974277633
1206396641818886145
1206305623425597440
1206324315928612866
1206412787184021506
1206314649731383296
1206339800229392394
1206345365282283524
1206374234345353216
1206310060193976321
1206314542919274496
1206307656136306688
1206318281642184704
1206302256099971077
1206322699724820480
1206323509837864960
1206296649938722818
1206421822805336064
1206341420526768129
1206281208562360321
1206415870819545088
1206341404416512000
1206356343596224512
1206330785852207106
1206426050982486016
1206419389060435968
1206416587374374918
1206314141293694981
1206428425931689986
1206441116473663490
1206307038395011075
1206336151742754816
1206312883082137600
1206449676746141698
1206411925770457089
1206296285013303296
1206350978750042115
1206355372304486400
1206308533542645760
1206357410736160768
1206278435791880192
1206312128367529984
1206424329656963072
1206416404003610624
1206316261023666177
1206302439055527936
1206432239694860288
1206350539434401792
1206287480531640322
1206314686716764160
1206306839417282561
1206425571217084416
1206411852076535813
1206306472172371968
1206338503723954177
1206418181847441408
1206289396934356993
1206305713301131265
1206327182366314497
1206307709143994368
1206309885455020033
1206325434843045888
1206435320012660736
1206440304351629312
1206309312370483200
1206326742337695745
1206318560227811328
1206317552223375363
1206316693825437697
1206304164659257350
1206350260047626251
1206309447620018177
1206437180215828480
1206444298734055424
1206313124162416641
1206308993465012224
1206325807930630146
1206326078899441670
1206379910929014786
1206338655993942018
1206337402945593345
1206308564735840256
1206284183007617026
1206281909246009345
1206311269827055616
1206417147527872512
1206330069683232770
1206322554409017345
1206417396388511746
1206281230058176514
1206314623454068736
1206325400403660800
1206441100459888640
1206313348423454720
1206427886045081606
1206331947322150912
1206347973254406144
1206302858213244929
1206419889982001152
1206304416623734790
1206349536651890689
1206333132426878978
1206353367280295943
1206309821991002113
1206307634015604738
1206445398837145600
1206300268595421186
1206308986481512452
1206325307650772992
1206417006158893056
1206404969919856640
1206417617076051968
1206338012705107975
1206282519160725505
1206325821281128453
1206420619157524480
1206306832396013571
1206364148784869377
1206357180817039360
1206336353891475456
1206307038990655497
1206440668135968768
1206313995638054919
1206429104008056832
1206433662658588672
1206314019205849092
1206320224095617024
1206322497106436101
1206420204407992323
1206322928985526273
1206320064720506881
1206303844214460422
1206409058057687041
1206344830181359620
1206300122004574214
1206440218297094144
1206304974118031361
1206398693466935298
1206431959423102976
1206299323333586945
1206350867294760960
1206289371676205057
1206336809992687617
1206312755499880448
1206287296925974528
1206341155400683520
1206307881710161920
1206411092194402305
1206318323035709440
1206311784526819330
1206380874503196672
1206428323544522752
1206319234164428800
1206340454561832960
1206321326090260482
1206439661159305216
1206347150524850176
1206307228191465477
1206329006339108864
1206313058395705347
1206393897993330688
1206305960484114432
1206316276844498950
1206316826524864512
1206422326088216576
1206306825114701825
1206311810174984192
1206418497288491011
1206310015964995584
1206332692536680450
1206443777021415424
1206421688012955648
1206320182509162497
1206293523856789506
1206281658598658050
1206335517949857794
1206308023779631104
1206394717900025858
1206342466271612929
1206302370549915650
1206438749938356225
1206320808458641408
1206347955474718721
1206308806520688642
1206447749811625985
1206452945530826752
1206428207261638656
1206286952036753408
1206342692625690625
1206337384910118917
1206409030643703809
1206306932979617792
1206357128421806081
1206331682460250112
1206416097957875712
1206312505942913026
1206318731388968961
1206290446516928512
1206319175234412544
1206307626960719873
1206299652779167744
1206314112428453894
1206314390556946438
1206343550142685184
1206309201267642368
1206318412944805893
1206441224082731008
1206328453198467074
1206284522477826053
1206422812619096064
1206413043812511749
1206412319389028352
1206304457564336130
1206389805900283904
1206318075844464641
1206308505470328832
1206332305863786496
1206306086871093249
1206428765284425730
1206429904402825216
1206291960182517764
1206319552696659970
1206376212718923781
1206311639324213249
1206322023733104640
1206315352029908992
1206332354526097410
1206311192383365120
1206290808237953024
1206300537899094016
1206336493284933632
1206447690269245440
1206416364518477824
1206282690586173441
1206430258905391105
1206308535740575744
1206425317423951874
1206311238348812289
1206312262534860802
1206424600369864706
1206304324936257541
1206307079906045953
1206335998017359879
1206406862247202816
1206320821142196230
1206408015194316800
1206313564308410369
1206308965161807879
1206426914908516353
1206339315850252288
1206318858237304838
1206307290351128579
1206277324523655168
1206444886628675584
1206275162276012032
1206306987497213953
1206322221976870912
1206329924442820610
1206300975776092160
1206311582285910017
1206313968349962245
1206434949206806529
1206306880517234688
1206442473708572672
1206420203711717376
1206439925769527297
1206306857729581056
1206307649534513153
1206311895801716742
1206418670731304961
1206340658677583872
1206310206285717504
1206351995269009408
1206323301787803650
1206371624817217536
1206419689024499722
1206303721564573700
1206321587953246210
1206416463671779328
1206339569723023360
1206304616528437249
1206338715020345345
1206396679299248128
1206307768866611200
1206283374471655428
1206442601039253506
1206410881552322560
1206421218603065344
1206424733744586752
1206339973764583427
1206280389955706880
1206389683317542912
1206304762582441985
1206430562682056704
1206304681284296704
1206440588440219648
1206438323889299456
1206382438592716801
1206333210117824512
1206315273185320961
1206305516470845441
1206314627136737287
1206348323881402369
1206208798484058115
1206427815001890817
1206380086875901952
1206448882206597120
1206318796069392385
1206421062856200194
1206426226396676096
1206313676380295168
1206411331173310466
1206414405774299137
1206372633874485249
1206307920536887296
1206421993618362368
1206307763179143175
1206427444426739712
1206352324144324611
1206350075112415238
1206360039482679296
1206448302708928512
1206415340915380225
1206434403255308289
1206416453018226690
1206308467381866497
1206359220590919680
1206308361236557825
1206327337614217216
1206413688347013120
1206312935041224706
1206423742664118272
1206309704676319233
1206327337433870336
1206281550276550658
1206333457745481728
1206344149924012032
1206326132318060544
1206306351049297920
1206408264096858112
1206438155680923648
1206337788121165826
1206414472975441926
1206323637818712066
1206304584895016960
1206307641867288577
1206304853699547136
1206322073401880577
1206298520568905729
1206416956221526016
1206312728991862784
1206317635367047170
1206329405020266502
1206420740347707394
1206310462327074820
1206366850059309059
1206280396146651139
1206405197431480320
1206416140127408129
1206313146081824768
1206336082230595591
1206300522984157184
1206430885144354816
1206452793185374208
1206332900670611462
1206434021376438272
1206314747098009600
1206311086695354369
1206213096085348353
1206314843919331328
1206446537821294593
1206283343651889153
1206431278997876745
1206306867946905600
1206323913208336389
1206323552804384769
1206322085653553152
1206422442459238400
1206303825260404742
1206386746566619136
1206416208867840001
1206414694040387586
1206431250917076995
1206373718425047041
1206340807210536962
1206423679632056320
1206330756483747842
1206378397024366592
1206305365081690112
1206319634972057603
1206311303079481345
1206324747887370242
1206327667286511623
1206318959412334594
1206312052324798464
1206112699018555393
1206416206317666307
1206319308634243072
1206349427742593024
1206312255186444289
1206365590593687553
1206328437549551616
1206294029849239552
1206352350258094082
1206331474624073732
1206331527883309061
1206320996132765701
1206447979588210689
1206322094025379840
1206338413244436480
1206320513892663299
1206371206766747648
1206357843810619392
1206306660144336899
1206419336858099712
1206331428650258435
1206373301817421824
1206318274256015361
1206339844827439105
1206304850985848833
1206451717384085505
1206313509425963011
1206299694558781443
1206323783247773697
1206327104935215104
1206331310362546177
1206304494914592775
1206309639555604513
1206316002226651136
1206207389462073345
1206397421636521985
1206305108239245318
1206321270457085952
1206383076873588736
1206308562261217281
1206318634446000134
1206339959277441024
1206329060370063361
1206388239067754497
1206326824931921928
1206321223573135361
1206442015904452608
1206321136168046592
1206408579055542272
1206313515146993664
1206404399452557313
1206330960855412738
1206372829970784256
1206305625094922240
1206311492968177669
1206244002711965697
1206339869636739073
1206304083805712389
1206309510249426945
1206424382928834560
1206317896307216386
1206445429245796352
1206312880464912394
1206449822292725762
1206363229682839557
1206416629338390528
1206318960263811072
1206313086896005125
1206330742436978688
1206358740020191232
1206352906343079939
1206425075353825281
1206316258385448960
1206322415598477318
1206324565502283778
1206339066234576896
1206426845383725059
1206319080367677440
1206307987125604355
1206317380294651904
1206336178284351489
1206425792877662208
1206311466300837897
1206275911009677312
1206307348559671302
1206355015406931968
1206324138530484225
1206327446942965762
1206299965590515713
1206310086815207428
1206330988969807872
1206304630554157056
1206308580380618754
1206309431576858624
1206317960404574208
1206319592664174592
1206335896016052224
1206279122743369728
1206400895392636928
1206306500806873090
1206298967488835585
1206404382830534656
1206312030371819526
1206316050087849985
1206380925166198784
1206450877185351680
1206316591929008128
1206320111893827585
1206419716111323138
1206421174240055296
1206307045315624960
1206426103465857024
1206397494101520390
1206405187491024897
1206306068349018112
1206417497655795712
1206283563970240512
1206329108361334784
1206333525525434368
1206403682482425857
1206317438360596481
1206310960824299522
1206346564706488320
1206316121583951873
1206444712032382976
1206307670338293761
1206326372597190657
1206288183320875010
1206308055710928898
1206373163195682816
1206378113967493121
1206420081330311169
1206437125169790976
1206421252585533440
1206281456273764352
1206386131090190338
1206313585158348800
1206325247181574144
1206306400151965696
1206306318316974083
1206320106663501832
1206338852970999822
1206306894324916225
1206430804815089664
1206327892701073409
1206344509178753026
1206326130715889664
1206333342100205568
1206314334244286464
1206341451426205697
1206306969675616256
1206302424207675394
1206306619296014336
1206301173336150016
1206365240260222976
1206287902176624642
1206348247679287296
1206322525489250305
1206277028166733833
1206312950031683586
1206444424701583360
1206291693940756480
1206321598531276801
1206308282891157510
1206378804857462787
1206311785491501057
1206424534380883969
1206307307266740224
1206446162515054592
1206302417253519369
1206340290526756865
1206286978448273410
1206416949846122497
1206323126763753473
1206306823264985089
1206322931904716802
1206313866034106368
1206309286470656001
1206336656682430466
1206349947613913093
1206336865424596994
1206438475362455553
1206435280330330113
1206320599880159237
1206325212012326912
1206321047068381185
1206313167971868673
1206277646281248769
1206337124854902785
1206332745061928962
1206328170171043842
1206307391970725889
1206321166044090368
1206410188124753920
1206370753215631360
1206308781228998656
1206305433352310784
1206406779548164096
1206320909302353921
1206307012222558211
1206342821093027842
1206421650356494336
1206427685578321920
1206305717994639363
1206450228007706624
1206338240007065605
1206322697078296578
1206349658072764416
1206340550334566406
1206307203260538880
1206325213266370560
1206434007656861696
1206304817167192064
1206313079534956546
1206442487834988545
1206313370946805765
1206413490824581120
1206306885411979264
1206310029822976005
1206329212564578314
1206349934137692163
1206323801732059143
1206417473085591553
1206424639431462913
1206335652985524227
1206301500512841730
1206405776039981056
1206326689070014466
1206304890856919041
1206416356670873601
1206417523685691393
1206403847385763840
1206302122654019585
1206312503837368327
1206453565302169600
1206308069606600707
1206416236352901120
1206426197992841216
1206416660581752834
1206327269574225924
1206302841931026437
1206307787422257152
1206410189336961024
1206319483373142016
1206453100715925505
1206321045705314304
1206307289243758597
1206392091632427009
1206303478555054085
1206326998295076870
1206414542995120134
1206309020392415238
1206319436120121347
1206433242141937665
1206393654300073985
1206425617463427072
1206421714537787392
1206310760412041216
1206409656886812678
1206428734649257984
1206310588617515008
1206288793545969664
1206308051885740039
1206420916080726016
1206421817356955648
1206450796726046720
1206330273740312576
1206396588136026112
1206305925662949376
1206322017668149249
1206374140116193286
1206310167786270720
1206309309153468419
1206444592905834496
1206308503645835270
1206439638791012352
1206325268308213760
1206306906740002817
1206310943728246784
1206346143485087744
1206430047411814402
1206377141690081280
1206325150150529024
1206414039741616128
1206291016317362177
1206328612833628161
1206308799713292291
1206338934994866177
1206307329106427905
1206340142056820736
1206307410534682626
1206313139563900928
1206317779277758466
1206287935852691456
1206414235133194240
1206334647615000577
1206309393345716227
1206316206791315457
1206304867389788164
1206378814445641729
1206309094669324290
1206404576599040000
1206407093726695424
1206323660669276160
1206421954762280960
1206316725710606342
1206283525579776001
1206306880378855426
1206316249145327616
1206378864299192320
1206419407808929792
1206415728691298305
1206307653452009478
1206322318236114947
1206354409380368385
1206273967348162561
1206434558486499334
1206446902331527170
1206342204874280961
1206448328952745989
1206336691327438849
1206377012685877248
1206306426542592003
1206339603638235136
1206405526080368641
1206306824657473538
1206423115477266438
1206420773021323264
1206306919796924422
1206283310302932993
1206301818797592576
1206334742905401344
1206319509147193344
1206306967054147585
1206317317371650058
1206282833339256832
1206310809808322560
1206423037110882310
1206309926651518983
1206408977183059969
1206406807645761536
1206445098638159872
1206444947332894720
1206310352318844930
1206437730470764544
1206344651885686792
1206318941234253824
1206408527465586688
1206394527432478720
1206342839518613504
1206326776756080640
1206423121370193921
1206378716101828614
1206309523692118018
1206304775576403968
1206433516667490306
1206307975750660098
1206305866837827590
1206298410137116673
1206303934538821637
1206307573349146625
1206263526903427072
1206319348157231111
1206437417638490112
1206419541888253952
1206316736708071430
1206314715925929984
1206437172452241410
1206309048192262144
1206307149489590272
1206321649391419392
1206379950628102145
1206304025425186820
1206311121730383878
1206423820116119552
1206311886515560448
1206303397437222913
1206307734624321536
1206327113848111106
1206309122519511040
1206423134720708611
1206438585009868801
1206319086793297926
1206307931211341824
1206311330766053376
1206318817963651074
1206423925128933376
1206318483329429504
1206424039163678720
1206412131958214656
1206319504541847553
1206379265937330177
1206308055853473792
1206438952225452033
1206307910474764290
1206328890022645767
1206442380557275136
1206415514647576577
1206439700334075904
1206423255235649536
1206421160994508800
1206308607459053568
1206418676917964800
1206307564151091200
1206375039341416448
1206438495390224385
1206445522300678144
1206305548179791872
1206335173756891138
1206446710978945024
1206309833609228288
1206330640150519809
1206321495993200647
1206324031605157889
1206412777029550081
1206288351151697926
1206403692452335616
1206312104321531905
1206337185592565771
1206306783385571328
1206341997021351936
1206285788721360898
1206338125896781824
1206332140213952512
1206450342856216576
1206421809874255872
1206341082583318528
1206325291091726339
1206410820520943617
1206307268855287810
1206314221803384833
1206312356948647939
1206305282537730048
1206307904418127873
1206420079673585664
1206452990279847936
1206335167465439239
1206335296297680901
1206439574391709697
1206413493794197505
1206290235363078145
1206307991449939968
1206388367367319552
1206411760057671681
1206335069302009859
1206316122343120896
1206320406027755521
1206409002978086912
1206347052709548032
1206323154253238273
1206308709506387968
1206427213916200960
1206332823063465984
1206277001461616645
1206341792091774979
1206314071987048449
1206336342617186304
1206423921593126912
1206408908941733891
1206341657739890689
1206322698152009729
1206393273918590976
1206360143761412103
1206333225443975170
1206304721046253569
1206428035270037504
1206308735162949633
1206410619920011265
1206309552561545218
1206317403849801734
1206426497726242817
1206303335642533888
1206316707595378694
1206305302322319365
1206359706614337536
1206305348681977858
1206317437848866816
1206430390044495873
1206287626749333514
1206312788018319360
1206295895454748680
1206450745312239617
1206332985643020290
1206433292708450304
1206312568060559360
1206322189538152453
1206312798399143937
1206307070858997761
1206324033597382660
1206287733381046273
1206306504778928135
1206293088886497281
1206308755278831618
1206324162614190090
1206313076913582081
1206322304927621126
1206307417279078402
1206339144613543936
1206318473674133504
1206298493335277568
1206314519376609281
1206427139047874561
1206428472438120448
1206364604181438464
1206408810836975617
1206436929895649281
1206347727162007553
1206319135464083457
1206305591511134209
1206312409901780993
1206329445986000896
1206410422305329152
1206327433382760452
1206340600708157440
1206421697794064384
1206306815375499272
1206394433572417536
1206437366539390976
1206308716498300928
1206358252763729925
1206302468264607744
1206304276110364673
1206435018505162752
1206324119425441792
1206294352345096197
1206307407439257600
1206434433995284480
1206388279370752007
1206408404014698496
1206324224698265600
1206333947988320256
1206399794303979520
1206350149942992898
1206317874081619972
1206320063583850496
1206421889717088256
1206309819327664128
1206291901705572352
1206307711899643905
1206317292704935947
1206285787739906051
1206310917526499339
1206310404537888769
1206405585878605824
1206294941212778504
1206409456973754368
1206320218244603906
1206334033627635713
1206300735777988609
1206308593127034881
1206225081199927296
1206298118880407554
1206317631210430476
1206319254385102850
1206323204517715970
1206334059397427200
1206413441180848128
1206298885636919296
1206307470127325186
1206313060174053378
1206340352136941570
1206318360562196480
1206301042708811778
1206432664888238080
1206282051072249856
1206315400008523777
1206308447077257216
1206446438500175873
1206332620944089089
1206328839661641730
1206349865141329920
1206291753365594122
1206307189691957249
1206444737684803584
1206327956446023681
1206309271106981889
1206422649905090560
1206305010306433031
1206344592003608581
1206322641172336641
1206318659565694976
1206308161248022528
1206310907061637122
1206308021481197573
1206280532155392006
1206318727341527041
1206308760312057856
1206313547975790592
1206318669929877504
1206313599309897729
1206320288813764611
1206358282534899714
1206421612192567297
1206319370911268869
1206307401722482690
1206318504892342273
1206449552116592640
1206420966181625856
1206319784733892608
1206437765434478592
1206317090505986048
1206413369785409536
1206364335477600256
1206325881398009862
1206421968523792384
1206351385752682496
1206292372943974406
1206423738012635137
1206451066650472448
1206345642370568192
1206313789739675649
1206342488920858631
1206306657422258179
1206306173617672192
1206308334883745793
1206305904263618565
1206451962125914114
1206415295616823296
1206410577716924426
1206292789803311105
1206434247764041728
1206436767559278594
1206306945101172736
1206315908639207425
1206443766439124992
1206303525149577216
1206399297291509761
1206308101038727168
1206313567504470016
1206307935359569922
1206444045544951809
1206395873867042816
1206305190573432837
1206309810507067392
1206416074738155520
1206386862161616896
1206335302895357953
1206349791271239682
1206420629764935680
1206421063133016069
1206310982630465543
1206318860779032576
1206303991749120000
1206443876006924288
1206347152953401344
1206311411607101440
1206363082882273281
1206312535776993281
1206415489506955264
1206321161740660737
1206438216498323461
1206306840281268225
1206308974754185218
1206422193615331328
1206430862067339265
1206393444459012098
1206421101804445697
1206322340633534464
1206405950795587584
1206285522546700289
1206339758127013888
1206308070671958019
1206318499947319297
1206327829148909568
1206323680843911170
1206305829907058689
1206311744118939649
1206320605164965889
1206306851387777024
1206330505068732417
1206341987999334406
1206306180102074369
1206301520406482946
1206420058790080513
1206289320249876488
1206347014801371136
1206411568684163073
1206319746125303808
1206287931540983808
1206310483323686925
1206445279383298048
1206313439976669184
1206310967312896005
1206304636342296577
1206317435852382208
1206317188698779648
1206441828083470336
1206437301754236929
1206323504578211841
1206307556215443466
1206336848613855233
1206305666996068355
1206379043391725568
1206307685051904000
1206317120155455488
1206403624974372866
1206308552844939264
1206321006215880705
1206343753474199552
1206314386496856064
1206421014219018245
1206287971932164101
1206452820377001984
1206325486437195777
1206316624124485632
1206313396263518209
1206426760004489216
1206315453456494593
1206398459479232513
1206320329481760770
1206443785191866368
1206419223549005827
1206306845813551104
1206319391043964931
1206453580712042496
1206309399633039360
1206318142672318464
1206318826247409664
1206313274289070080
1206437401222156288
1206304980325617664
1206401744495955968
1206402478381654016
1206307024088240129
1206326020732674048
1206344528287993858
1206317067479191556
1206296963639066624
1206343834382274560
1206307646783000578
1206321114986745856
1206445374593998848
1206322238754099200
1206327645547446273
1206293910391312384
1206397302207844353
1206334051575054340
1206329651175530501
1206428577643859974
1206310560251437061
1206333993827938306
1206452486036434944
1206424423978418176
1206422441435762689
1206440964786663424
1206208461563932674
1206212181169188864
1206431168008249345
1206326926937329664
1206383181454303233
1206292516779315200
1206378115871711233
1206305168368775168
1206305414649974786
1206330466636316673
1206307739619737600
1206447451655299072
1206310013150650369
1206299650862583811
1206319809878798345
1206322419612426240
1206284883913519106
1206419423290109953
1206370071280586753
1206339714363674626
1206420792654913537
1206421584061370370
1206394774040825856
1206306916995141632
1206326305861578755
1206306395504758786
1206282566778654722
1206277468732002304
1206322729806422023
1206307195182338049
1206318587918651393
1206332906567819265
1206283953918877699
1206415767278903296
1206299239598346242
1206379474146779141
1206435263444135936
1206304731494256640
1206405214229729280
1206319232121745408
1206322514210820102
1206316939779411968
1206357060608237569
1206309183013961733
1206318888130101250
1206320034982834177
1206311430234005506
1206410450935660544
1206407641200832512
1206350630933188614
1206320627310874624
1206309526481383425
1206294475313729538
1206305930763218944
1206312395188178944
1206348419935166469
1206316059613188097
1206310355619713024
1206307815360471040
1206306773407338496
1206437650686775297
1206309087547469824
1206318667501363200
1206316723156201473
1206328476808155137
1206408478174175232
1206333487382437889
1206309218766209025
1206422747582214144
1206311347044179968
1206307673056194561
1206420532478001152
1206331899494486016
1206281283296546824
1206419047916679169
1206299773181087745
1206307189926838272
1206308678883848193
1206327074811731969
1206351373924745223
1206282327082618883
1206307245228789762
1206334599334440962
1206412163524497414
1206318158325391360
1206301992898961408
1206409553153331201
1206351711889186819
1206332489641418755
1206321260642414592
1206323662732836865
1206304689257627648
1206342932963434496
1206331001619800064
1206393051637321729
1206306835453665280
1206318439238946817
1206313099634065410
1206413302601068544
1206281070875992064
1206329148395925504
1206385469946286090
1206316410198265861
1206375748610744322
1206342597217837058
1206415846437994496
1206322933666320385
1206351168215166976
1206341041714081792
1206314935669661696
1206329153110335488
1206324134860541957
1206431346685546496
1206304617707057154
1206327722609463296
1206304847043137536
1206423946297585664
1206417917954449408
1206312490835042304
1206300601308631040
1206422715940376577
1206322540857171968
1206345809039630337
1206315315568807936
1206307621311045634
1206413632818548737
1206306830395363333
1206307034888626177
1206296380282720257
1206396970744586240
1206290383564607493
1206402255332749312
1206309131877044224
1206306921109700608
1206412100605763584
1206430973665185792
1206319372664487942
1206290550221086731
1206380759491252224
1206304648547782661
1206441531638505479
1206342752281214977
1206308109192499201
1206292910783811588
1206307343132250112
1206305048097107973
1206419834701045760
1206378659197665280
1206332505063874561
1206389894802747392
1206309447720734721
1206311006370222081
1206398668175290368
1206307669218414594
1206415390819135488
1206384190519943169
1206339638731902976
1206340361339232258
1206338009534255108
1206335012553076740
1206418207856373765
1206374610926784512
1206442460114771969
1206325140163825664
1206397454092062720
1206316240874147843
1206278423309623296
1206322475853918209
1206307721303212034
1206402252086431746
1206318506951815171
1206424262069948416
1206307696657543168
1206417661430816769
1206336996710506497
1206283137833164800
1206318676875628546
1206305993040257030
1206364819609341952
1206328593233653760
1206275075076431873
1206307727842140161
1206316890546671616
1206322244005376003
1206443778904666113
1206399325909258242
1206307682463997965
1206420364823289857
1206309419254001665
1206417661141430272
1206306820639338496
1206328443404800001
1206273979432001550
1206417429204742146
1206353834089439232
1206331990800314370
1206360628820160512
1206355102380052481
1206399854349635584
1206449964211200005
1206339703684943873
1206308087893831681
1206310796516634625
1206305113805148160
1206306813492310021
1206431677163159552
1206307882016419842
1206283890484273153
1206423709294182400
1206346608327217152
1206317754929864705
1206318373656768513
1206281206570065922
1206306850850983942
1206310068431523841
1206314881978372096
1206315107137011712
1206378276450717697
1206413690515476482
1206351854004822016
1206418408297947137
1206447202308165632
1206323985417428994
1206446138364223488
1206328254770098182
1206326462451720192
1206346931414425605
1206285360671678465
1206322533793972226
1206320451187879938
1206306822010867712
1206306852184694785
1206304806027038722
1206337179082993664
1206417305556652033
1206437333563822080
1206329190053752838
1206401324046340096
1206306377636945921
1206305696481992710
1206433057051414528
1206423309811929088
1206452890082123777
1206448918147584001
1206436709774372864
1206319262882766853
1206327235126480896
1206444556566306818
1206420769787568129
1206319058129432579
1206421700306505728
1206366832770330624
1206318364513230856
1206312994117951489
1206309551688970240
1206452643033473024
1206439966311624709
1206400919472103424
1206359012033343488
1206317950275338241
1206310657748062208
1206300152392290305
1206442751325331456
1206314120280256515
1206440468642447360
1206402983719821312
1206287546810085376
1206313266894557184
1206298178628313089
1206329525857996801
1206309103125053446
1206301589423710210
1206288268788195328
1206302868170518529
1206306859830915074
1206350943631106051
1206340936491569152
1206304677102587905
1206345778693857282
1206306337824690176
1206345308982169601
1206410254025658369
1206339948594503680
1206317360900009984
1206433605561573377
1206320872484724737
1206443575589900298
1206341041386872832
1206338748486750208
1206440598007365632
1206286840430505984
1206442224705298433
1206418845235318784
1206445429837185024
1206451806257197057
1206434301274939392
1206423372915257345
1206307083471278080
1206453442203418625
1206318298746540033
1206307660527788032
1206276412036001799
1206306605127655424
1206447608861995009
1206335677966749696
1206442404951318529
1206307784175865856
1206418375938846726
1206409467933396993
1206443756469309440
1206450917131902976
1206312822419922945
1206419876916711425
1206323633766973442
1206425172770775041
1206334465997451264
1206308167430397952
1206321522450800640
1206308622046760962
1206305221741305856
1206306841547956224
1206304792986959872
1206437595107999746
1206311378966994945
1206307700486918152
1206308969742061571
1206346965572866054
1206306833956257798
1206298559907319809
1206307687132254212
1206302664306384902
1206402046817124352
1206319769856724992
1206284419004280832
1206327385253130240
1206439593584865280
1206312308932333569
1206416347888062465
1206347315130388480
1206405960518029320
1206380956132753409
1206436231263006720
1206333128278773761
1206325855779217408
1206373015904276481
1206320364512514054
1206289112178790401
1206341463220670464
1206312866460131329
1206306878021677056
1206291768867725317
1206365098538930177
1206308259847639041
1206354709457637377
1206324418969911296
1206407660045770752
1206441071674298368
1206311729531105280
1206324232478765057
1206306194731741184
1206318838507298816
1206307915952525312
1206320519013945349
1206351300272762880
1206315872853344259
1206331130724724736
1206392020501180417
1206311463385751552
1206330917591142400
1206443750337187847
1206431197989101568
1206321293982883840
1206339047767126019
1206413697419272201
1206311307877724161
1206407713799979010
1206321539324502021
1206337677475434496
1206302893390925824
1206325623695777792
1206309910172045315
1206369789729484801
1206301284892106752
1206307205147963392
1206422832114274304
1206282531567538176
1206309092941291520
1206382695821070336
1206305454558793729
1206389352688947200
1206322829941182464
1206388804506017794
1206413946573459461
1206416348802437120
1206326336178049024
1206323240114757637
1206253281451892738
1206330744580251654
1206320159742451712
1206343125523931141
1206324857711017985
1206433791251755013
1206330885987065857
1206369523693236224
1206303813822504960
1206412292814000128
1206307791218073601
1206301582549278722
1206282615277404160
1206303262032506882
1206313923915452417
1206327983763529728
1206312961406652417
1206393742107824128
1206328404745867264
1206422822463135744
1206340574946758656
1206307865855741952
1206422344346021889
1206300226782466050
1206449199698599938
1206437146783039491
1206436580547842049
1206317054841774081
1206376568928559109
1206436844990283776
1206412059140902913
1206320752783482880
1206435668987187200
1206325792256544770
1206304817255264256
1206298750727143424
1206417528077115392
1206427511451729922
1206317792556912644
1206313320397123585
1206421472715165696
1206444537285140480
1206308224665837568
1206251691005399041
1206313998716735488
1206312019546267649
1206431765323276288
1206308639029579778
1206427159390294016
1206331188790677505
1206306715060314117
1206304156685864965
1206324451635290113
1206438741381984257
1206426029578969090
1206329684172013574
1206406778126290945
1206451770735640577
1206288674788462593
1206342477331996678
1206305787712327680
1206405660352696320
1206388841805950979
1206339388562694150
1206432352513208320
1206314304548614151
1206428915067244544
1206299395999719425
1206310817362272256
1206305589128810496
1206331968981479424
1206306631174311936
1206301296313196544
1206433730493071360
1206314668320591872
1206307645159878656
1206302152676827136
1206306819590762496
1206318384897495042
1206397663031255040
1206445000134995968
1206417203941314567
1206311375695437824
1206427986318241793
1206329226590375936
1206287332988592128
1206434527851286530
1206305553699540992
1206309321832849408
1206430782459465728
1206406282481192960
1206315145007374337
1206337724128649217
1206431725703835648
1206313211403915271
1206419917416943617
1206330803090870272
1206401164323016704
1206305804405608449
1206306880982790150
1206309233823768582
1206312165499711488
1206308202234687488
1206339512835686408
1206381435118137345
1206326311339343873
1206312291874017280
1206415424553918465
1206297099316449281
1206304840105766913
1206423396340391936
1206438858071646209
1206373206413758465
1206284574415867907
1206306325229162496
1206306665437564930
1206288257169985540
1206314047316090885
1206418029808107520
1206314495167139841
1206308023016271879
1206322424461103112
1206435392725176320
1206307171685810176
1206321364111626241
1206322425358516224
1206283268657745921
1206418907692720129
1206445057311682560
1206392771378122752
1206307711845093378
1206344591181570049
1206423155402846209
1206435686464868353
1206337855007711233
1206314753443991552
1206444481538666496
1206452159556079616
1206360423194341377
1206446435492872192
1206320074828734465
1206437750284660738
1206307000558206976
1206332842302726146
1206311149312073730
1206326413869092864
1206402353412427776
1206308237194285057
1206428204925407232
1206321512028024835
1206376142124593152
1206341262854545410
1206304024112193536
1206306835168403457
1206437896686833664
1206423742223671297
1206379068586897410
1206308583203393536
1206320546302087168
1206306820207370241
1206304820317044737
1206309154677235713
1206325972292841481
1206311920933969921
1206371776890101761
1206309000255594503
1206328661785403392
1206372997541629952
1206319177025368064
1206311156761137152
1206430040126296064
1206340604013240321
1206307782061961216
1206317533919399936
1206344180160700416
1206311698166165509
1206452143949058049
1206308788271288321
1206388144427487235
1206307373410930689
1206319185606979585
1206320765131526144
1206326439475339264
1206440989268815872
1206306822505877505
1206325829904539648
1206314279768600576
1206320902524276737
1206424955707121664
1206318519853469698
1206358366609641472
1206341553523965960
1206352239071256577
1206400000634306560
1206324654425726977
1206345957748682758
1206449502808412160
1206325331008872449
1206426394089132032
1206313960535928834
1206414058339131394
1206313560382562305
1206308167463907329
1206428176739647490
1206316681733300226
1206307655360364545
1206317780783550464
1206320696273592320
1206324926505988098
1206422826254766081
1206308540132003840
1206322308085899264
1206330954874310662
1206328030806839296
1206439138754519040
1206415641902755840
1206319811694858240
1206320099847745539
1206340815569768448
1206300576407052290
1206321906124763143
1206342554259771394
1206340454918316039
1206439125018202112
1206402925980987393
1206306886833917958
1206324095270445057
1206319331052834816
1206306966395588610
1206307056959066114
1206310319779467272
1206306860237758464
1206416986252685313
1206318948205178881
1206332340106084353
1206299040075468800
1206307292146257922
1206322849851625474
1206323436173307905
1206308039608979456
1206453018440478720
1206311435028045825
1206339090796425216
1206304802474512386
1206342293592129536
1206338578860646400
1206386247461228544
1206425509493653504
1206332634420465665
1206312413085208583
1206363245071798274
1206339117887492096
1206313254898802692
1206359980795977728
1206314854719664134
1206345227717533696
1206316041913196544
1206311067653201920
1206424622041894912
1206317992587513861
1206344087395328006
1206316096355274753
1206305532224688131
1206433002185777152
1206284915920293892
1206338600729817088
1206438276212678657
1206436235817955333
1206338606496993280
1206307622690967553
1206436508049268736
1206323827589951488
1206315208282714118
1206333432508428289
1206305377677139968
1206323564539994112
1206440119995117569
1206339474269061122
1206320018276978690
1206329933636800512
1206424120860332034
1206282385827995650
1206408390177705984
1206331093579898884
1206298673958866947
1206334859100200960
1206377338050666496
1206328519296466944
1206308074295889920
1206450690358423552
1206283527555309568
1206320747456675840
1206336574448971777
1206444027777880064
1206280884346904581
1206315001201537024
1206332290084802560
1206305827470106624
1206425585431515136
1206313820181946372
1206445513186455552
1206420299186655232
1206424433428090881
1206433974240862208
1206342512861995008
1206314246407180289
1206405073657638912
1206314575018233856
1206419408463286276
1206339970962776064
1206305065281171457
1206412808365187078
1206313234690707466
1206303774844825600
1206330772048752641
1206322144386437124
1206320243989237760
1206312106007642113
1206319131097780224
1206318341650108416
1206332349694332934
1206328114458038276
1206451985920212993
1206418270460555265
1206306847424229376
1206305585592963078
1206430879742152705
1206322289735806979
1206431369947037696
1206315877852995586
1206313328324358144
1206319718719803392
1206440505221009408
1206430884561334273
1206322780448468993
1206419174962221061
1206366863296475136
1206310001448493063
1206361258708131840
1206396153778114560
1206306852188934146
1206441419164016642
1206317827185090560
1206310545726562304
1206338542168883200
1206319128463716352
1206327749499129857
1206339500378656768
1206312288313057287
1206343506832363521
1206396922103250944
1206308232580542464
1206324141240078337
1206428319119560704
1206355235930808320
1206317952754225159
1206311677832110082
1206282085088018432
1206444597301391361
1206391139168931841
1206333724956254210
1206308875042983946
1206308628124307458
1206328035110203392
1206303950451986433
1206310185523912711
1206416426204045312
1206307155860709376
1206306089664466945
1206313842369798144
1206344289409781760
1206324289357697024
1206323198293352450
1206311140667658240
1206339210946453504
1206356980409012231
1206308075264761862
1206437511947587585
1206304984134017024
1206337208644505600
1206386411487793153
1206312923238416384
1206302102882070528
1206396164033175554
1206310071405297666
1206304906019319808
1206382628410216448
1206429092872179712
1206389122354569216
1206325126561718273
1206449684308537344
1206379404433211392
1206326986471284737
1206330247177785345
1206416788839391232
1206309409095335936
1206334916650291207
1206317667587674112
1206414869098053633
1206353084764631043
1206308720814252033
1206326280687370240
1206429381717090307
1206432503998877696
1206416051904401409
1206283691238002693
1206321646652600320
1206332599309869056
1206315731975131136
1206426679394091008
1206419027758858240
1206313742960594946
1206377640128630785
1206441058512621568
1206338477895430145
1206416513814675456
1206452068527022080
1206406359484436480
1206307147887321089
1206361665429749761
1206284077940314114
1206342583783493633
1206306995063730176
1206290893625593856
1206397480415506433
1206306704364847105
1206317342852091904
1206360471382700032
1206424603096162304
1206308174783033346
1206306953300975616
1206309721109610496
1206427302705410053
1206278940358270982
1206317281443233792
1206440125707763712
1206314311104286722
1206342220263100419
1206312232809877504
1206371475437113345
1206444406749958144
1206426092543893504
1206434927874641922
1206329178938904576
1206309270863695874
1206316342896463872
1206442295962357762
1206310251940786176
1206330015169892355
1206325563759181825
1206348987181289472
1206325578279903234
1206353909910003712
1206346069258444801
1206290966082150401
1206328062029320192
1206360655600799744
1206320958950330368
1206307431749443584
1206421184595685376
1206390311615967232
1206424395075461122
1206357721303396352
1206320872312758274
1206397665900212227
1206452372664389632
1206348176644554752
1206321735609532416
1206432897625923585
1206418400727179264
1206384939874312192
1206351897411641346
1206365401925312512
1206314614838956034
1206450021106888709
1206307827599511553
1206317138950184960
1206448112946024449
1206307282251898887
1206412547445927936
1206439790574522368
1206340362140295169
1206319971279757312
1206287861814906882
1206327290818433026
1206306031745282048
1206309648854323296
1206338635710312454
1206281472325357569
1206321740969914368
1206444539390631936
1206320959906562048
1206307619234877442
1206417311726493696
1206308212749799425
1206332126439845889
1206321727241936897
1206318408293335040
1206332827463278592
1206341778938437638
1206308535979724801
1206338366884761600
1206434988989861889
1206307465081569280
1206365225156562951
1206319123212443649
1206319238002163712
1206339694369394694
1206338017625067520
1206411084841848832
1206445091071647744
1206442816630599681
1206310228133842944
1206436905744769025
1206358536546127873
1206321900311457792
1206316657183993862
1206438109417820160
1206332582260039681
1206312163536756736
1206412652777488384
1206451898271879168
1206428062923014144
1206208732050448384
1206313333122641920
1206421989163966465
1206431724152008704
1206327065257107458
1206308992898805765
1206416350010318856
1206203963441324032
1206327738421919745
1206388308126908416
1206341495780970498
1206441357084102658
1206360002224672769
1206413726175379457
1206337026171248640
1206430461796474881
1206305923452592130
1206303379087122438
1206314603019411457
1206353021539700738
1206418315901652993
1206324635794640899
1206411132484894720
1206307624385466368
1206433315277983745
1206404293642854401
1206404964215656449
1206435256531902465
1206322755462938625
1206450074605232128
1206446934472450048
1206401182509490178
1206434121360330752
1206350456315924482
1206327450491330560
1206305122604769291
1206303401254019072
1206445469947310080
1206324290657882113
1206426816359088128
1206307353173344256
1206308258559991809
1206419338200305664
1206423721390616581
1206328470550335488
1206409214991765504
1206328311053508610
1206307620233064448
1206298751868047360
1206413970434854914
1206366063673380864
1206305096935583746
1206447338979561473
1206346286988967936
1206436991543521280
1206348854670635008
1206283542319304709
1206351834383867904
1206325378752679936
1206289135276904450
1206307044023848963
1206448530908430341
1206453841593602048
1206306345894461441
1206325118659641345
1206312463991496709
1206422492618919937
1206333166375583750
1206341399186198529
1206329741017538566
1206322879014612993
1206330338320015360
1206306808257765376
1206337195839303681
1206321063833018375
1206305483826614272
1206324827931467778
1206405213357301761
1206315168742936577
1206425917029015552
1206304507463950336
1206318731753865216
1206282719145144320
1206288158956101634
1206307974265872384
1206328596626841601
1206287234598678532
1206322350075060224
1206310597589123072
1206373946557444098
1206317833283608576
1206308348024512512
1206450144713027584
1206299783704535046
1206362743688830982
1206359175829295104
1206319809048260610
1206310619374338052
1206361514648756229
1206306042600144896
1206307642400018432
1206333543682629633
1206309372760117252
1206418670781644800
1206293573597122560
1206310921779531779
1206394625965068290
1206425814457344000
1206414572321693696
1206277853509300225
1206401367860023297
1206341252591095808
1206343417204236298
1206351005396471808
1206314627757432832
1206421910290096128
1206421187515031553
1206320801617760260
1206309823060611073
1206313809469677574
1206314969790394373
1206352865234694144
1206298719735439360
1206428898101284864
1206327622625636352
1206328447578116098
1206330275912912902
1206301830428463106
1206436864237981699
1206318506930769920
1206373197215653888
1206307684607287296
1206440910562697216
1206318548261515265
1206416999728996354
1206325155376566278
1206333655515308034
1206319592483803136
1206360037687529472
1206336514193534978
1206308551112773632
1206203049963872256
1206397905810132993
1206332698916270086
1206305736835371013
1206325127622877184
1206428236630114304
1206300335154880518
1206310013603602432
1206308057808023554
1206326752575938563
1206426975029661698
1206320849277652993
1206418599792955397
1206290791947214848
1206296016523288576
1206311109969489920
1206302975263674368
1206314356037898242
1206341571387543553
1206327557714595842
1206413101878431744
1206318168962154498
1206414793713897472
1206383920276742146
1206317562167996418
1206308512009261057
1206313073461649408
1206307671873392641
1206434803001839616
1206309336236142595
1206321943085027335
1206306371785887745
1206307424174559232
1206309560111247361
1206428722489888778
1206305876493193221
1206423324248694785
1206346462273122306
1206306126113001476
1206308595643625472
1206309726973308933
1206417655877578752
1206320654062100480
1206362325789237249
1206409615195475968
1206308368853454848
1206302785383391232
1206323873077219328
1206374687959371776
1206307384991342592
1206419049309184001
1206405967975501824
1206442591220359170
1206309246255747073
1206432516888039430
1206416596153049088
1206320696604995586
1206414935884025856
1206305722025304066
1206413287451242496
1206330995215097856
1206318901363183616
1206329342160261120
1206320563880448000
1206451491776737280
1206297988328574976
1206311717367615490
1206326338073874433
1206310032842854400
1206288024692252674
1206316025752494082
1206328561499615232
1206342861781905410
1206330054495608836
1206309862348603398
1206315945515454466
1206433466516197376
1206396189312241665
1206324062835920896
1206414836697042944
1206283600880193536
1206319530995265536
1206404929021190145
1206312918280757248
1206415997701435392
1206394282439008264
1206315126539870208
1206431966737944576
1206321551588691973
1206355780108275712
1206303596603678720
1206307715250868225
1206318102964772865
1206376310089625601
1206305284026720257
1206395518848507905
1206314875103961088
1206420701135147009
1206432315137769472
1206297681326432258
1206330478090956801
1206307543255076872
1206328457732317184
1206307208532832258
1206325313858424832
1206411555853754369
1206445104757649408
1206394442107817984
1206347577299492865
1206355128862818304
1206312007152160774
1206318384901738497
1206315650471407617
1206316668655415297
1206387632302891011
1206442677572718593
1206421908398510081
1206308030947700738
1206308223193616384
1206356378077597697
1206449111312064512
1206435170691223557
1206419434761572352
1206293125263695872
1206417940045799429
1206425006139461632
1206438801939271680
1206307073300029440
1206309405878366211
1206318033083518976
1206315233809195015
1206282323999809536
1206313745594621953
1206308245444407301
1206332803517943809
1206407612423651328
1206330609070727168
1206312120045977601
1206338909443166213
1206310830498885634
1206307847035924481
1206307969266270208
1206325784895463424
1206366378372009984
1206327320132366348
1206289260472610818
1206313744000835585
1206304816516993024
1206437107113308161
1206300755457708036
1206304947568095235
1206343498384977925
1206373190672560129
1206353547081715712
1206307951004340225
1206424234010042368
1206446013017395206
1206412691960672257
1206332774313005068
1206311406540333056
1206342339339411458
1206388155018088454
1206300690508853248
1206450671928651776
1206329488826613760
1206326129520467970
1206377689642422272
1206320004268019714
1206421488636706816
1206323095113543681
1206308062325346304
1206294217670189056
1206315152154464257
1206308202620575745
1206307307895820290
1206313588174012417
1206307682313003013
1206349305776418817
1206301114641059841
1206334125688406017
1206300697303621638
1206323278928908288
1206377460696260608
1206319929693216769
1206307631595479040
1206319957811892232
1206334234316677121
1206321355878260737
1206308131359379456
1206423791846526977
1206324733618212864
1206414657998770176
1206315008143044610
1206439175609819137
1206307144636805121
1206338296957296641
1206348185251274753
1206338589312929798
1206329201248350208
1206421217940516864
1206420934980198402
1206331757454413824
1206306251556175872
1206443005735034880
1206308280215191552
1206437807813738497
1206441637720870912
1206305837104406528
1206328087429955584
1206438398052966400
1206327891040067585
1206425463134052352
1206343429447389185
1206451242169446400
1206311480553070595
1206307762763943936
1206318460969668615
1206309085207027714
1206305298434207744
1206307612268122112
1206307657730146307
1206368939254714368
1206322228247355392
1206299271936516097
1206320340730814464
1206307849946710016
1206447066878226433
1206446450038779905
1206308358267064320
1206331900572385280
1206409956108460032
1206308025591615488
1206416117226455042
1206323540015898624
1206310391212642306
1206279319389118471
1206312303819444226
1206297285262487552
1206304992937828357
1206423743024828418
1206312645445509120
1206414261632806916
1206377299077222400
1206343925948174338
1206313680226390016
1206323382159052801
1206311654662836225
1206305101696131073
1206320498793205760
1206317968474419201
1206346653852164099
1206318444540551168
1206316942174408704
1206343206482395136
1206427053588930560
1206299460881539075
1206329440894177283
1206321843168305153
1206438148127043585
1206450154737471489
1206341186329464835
1206306322649669633
1206318049248399363
1206338950463401985
1206357937582755840
1206308221163638784
1206314075745083393
1206316974244057094
1206412743844286464
1206306309324365824
1206322649913348096
1206440106409758722
1206317068632629248
1206343948966473734
1206428678160371712
1206401960443813893
1206283407069786112
1206320893175226368
1206441499296186368
1206322515590680577
1206318505462812677
1206178410848014338
1206398994039103490
1206328388530688000
1206342768756432897
1206423333115482114
1206336135439540225
1206309227091890178
1206303383147163648
1206452984906993665
1206169955370225664
1206436479091826691
1206304632013819907
1206374642031693824
1206321770652942337
1206294198623907846
1206310449299513345
1206448289392087041
1206324022532816899
1206332372305809408
1206311916177485824
1206344141430575105
1206313056042733569
1206439268316569601
1206325610915782657
1206313503633616899
1206386066581860353
1206303459722563585
1206353048148365317
1206317663401762816
1206436865609543680
1206335961367564288
1206341069090238469
1206446500768813057
1206306945919070208
1206416338610200578
1206316997526609922
1206337349120073729
1206325152075649024
1206349901640192000
1206307803964547073
1206305962153402368
1206306925991858176
1206313352110231558
1206421111505932289
1206325358448062469
1206309270939144192
1206314179906420739
1206340591052701696
1206320436650401797
1206312439983362049
1206305699409670146
1206313011222372352
1206321701279145984
1206317941106577408
1206312259531751425
1206293049523023872
1206382065144475654
1206433187003584517
1206436968051171328
1206289031958585344
1206341031693828097
1206281618098475008
1206322720121769991
1206286712365826054
1206315040816685057
1206314179667382272
1206323688968269826
1206326537152344065
1206330809487110147
1206346119678218241
1206429586130702336
1206415135063056385
1206313270942060544
1206313568485957632
1206431346823966720
1206445330134421504
1206438095417163777
1206323920565084162
1206324158516408322
1206307809517809665
1206334950540292096
1206415912712261632
1206329608561479681
1206308007606472704
1206285494180601857
1206347431522308096
1206309877494296577
1206308458963914752
1206409934524600321
1206331152476377089
1206429213940756481
1206347878530211846
1206444372251815936
1206317660927070214
1206419692245663745
1206450424276037632
1206341921481904128
1206320993347817472
1206306816382115841
1206325028737949696
1206341484674457600
1206438961570308098
1206346285135126528
1206342706181656577
1206424798294884352
1206444714087604225
1206174340825395200
1206322746306760707
1206307643381493761
1206410348330409989
1206416978908450816
1206418472126885890
1206303059242041344
1206308480518361095
1206306848648900611
1206318603932442624
1206428037073506306
1206431695286816768
1206421356486758400
1206310142062604288
1206431630186995718
1206328154027175943
1206321635260805120
1206309211652722693
1206375377012248576
1206305718208479233
1206318355885576193
1206426317186576392
1206376076928262145
1206325058031038465
1206305955270541312
1206407990133305345
1206421507888570368
1206332699801247748
1206306843661930496
1206326943026753536
1206440807227633665
1206430363188379648
1206424776492900352
1206317563417894912
1206310629398732801
1206317691503595521
1206445047023067137
1206317604622815232
1206307075401428995
1206309585411354624
1206343591305588738
1206334959910305795
1206307876421197825
1206452057051406341
1206307755876851712
1206324569193234432
1206307061220466688
1206320528203665410
1206334420929720321
1206329665725579265
1206324309679132673
1206426357867130880
1206338926362927109
1206302733034250240
1206308235113877505
1206334293754163201
1206411944011407360
1206300008645042176
1206342196624056323
1206350461915283459
1206418195520851968
1206306623813275651
1206413673541066752
1206424260455129089
1206436882638397442
1206423842618523648
1206436260551823360
1206409801850376192
1206314108796252162
1206311461536047105
1206324317690171392
1206322079877996544
1206319746683219971
1206323548236722176
1206279430244569088
1206311392694931456
1206451537184202753
1206293231111147520
1206418493383626753
1206326632253992963
1206286672314425344
1206307431120277511
1206308667307495424
1206313849214980097
1206306838813331456
1206308767723347968
1206299926768037891
1206312891227496448
1206446313212133376
1206308317175406594
1206441346640359424
1206320855577440263
1206290355479613443
1206410361731264513
1206365975978926085
1206347899300384769
1206299081573842944
1206392754424745985
1206307016995692544
1206338650386120704
1206365562139488262
1206306837164961794
1206306984594694144
1206418147571642368
1206410407117774848
1206445362380247041
1206344051634688005
1206435494936092673
1206414481666039815
1206318281075941384
1206336364930842627
1206304569313153024
1206305517087469568
1206431082368978949
1206292447900385280
1206275090394107904
1206328187627720704
1206372815898849280
1206310666048548864
1206447011760877568
1206309684434608130
1206434993381298177
1206449403491434496
1206308147490631684
1206341470720077824
1206326720900554759
1206334323848339456
1206415284258689024
1206305769253228545
1206442659910443008
1206303555218481154
1206317439153295360
1206306917653581825
1206433481842147333
1206332786346483713
1206417417620115464
1206418048950902785
1206429595165220864
1206322928977100802
1206370557228400640
1206304335233273863
1206404666508095488
1206430028579397633
1206323061869469696
1206309278400819202
1206357124688809986
1206285689551228936
1206387542624485377
1206299802285289473
1206434271088586752
1206443385441181696
1206440911808401408
1206307131089178626
1206294154625589253
1206320157993385985
1206307266263224322
1206288227767742464
1206336742850224129
1206423040009134081
1206299694076444675
1206335537268822019
1206377848245800966
1206330933307162625
1206287920354779137
1206298162643832832
1206408941514690566
1206307928308883456
1206300291940966400
1206311102709153792
1206331754241568773
1206441238481768453
1206305360543387651
1206435429140115457
1206411713190486016
1206308482779144193
1206372112304345088
1206309030697852928
1206421259850047494
1206274580240912384
1206305831068798977
1206408140733980672
1206318297328820231
1206306566707826688
1206416185954373632
1206308488114327553
1206311287002718213
1206306826876342273
1206352944700035075
1206435240455081984
1206334123062763520
1206404481635749891
1206334092725432326
1206441006259953667
1206319919371038720
1206424247716974600
1206355005676163072
1206322182936244224
1206336487203229701
1206370645665300483
1206370978378518528
1206310944806187008
1206309582622089216
1206322312309551106
1206323413532499968
1206328497762951168
1206307396445986818
1206380001844695041
1206434680792387585
1206428986047418368
1206452155663765505
1206313389582098433
1206312214313013249
1206383914941591552
1206306053526294529
1206452944150974464
1206317435416186882
1206332002057646081
1206437781792313349
1206310006137774080
1206306940416143361
1206335473515483136
1206413881381474304
1206318222250778625
1206443387802533888
1206307864505131008
1206357980423348225
1206443634687717376
1206395778299772928
1206414798382141441
1206315253870583808
1206354007834464256
1206293444836167680
1206416538775031809
1206403004842364928
1206403294635208704
1206399933227655168
1206309403714080768
1206332155032408065
1206328864353505280
1206394452790710274
1206373556738764802
1206321078802534401
1206336946819256325
1206326256050081794
1206329784218923009
1206329641285406722
1206449294758350849
1206432122875060230
1206306886380863488
1206415512336506885
1206334725238988800
1206292574077669382
1206314848172285954
1206317212589608960
1206298839193411584
1206424709170155520
1206427705744527361
1206310402407247872
1206311385250045953
1206308999018233856
1206308015613366277
1206310665419407361
1206431728220483584
1206346512621543425
1206400346735681538
1206323944636243972
1206360944286281730
1206340273451782150
1206327746923769856
1206370160002654215
1206328994548928512
1206333990317281281
1206445291160911872
1206310338980962304
1206307165033639936
1206295009919717376
1206282444321804288
1206344522743066624
1206341313915953152
1206318478879338502
1206332604406018049
1206332974964379648
1206320689625604103
1206444048262631427
1206365060748185601
1206437130353958912
1206442323900583936
1206301871159304192
1206308106248097792
1206353941774123008
1206421312153047040
1206307791150997505
1206405473668386816
1206284221565808641
1206436347231264769
1206297574568845313
1206290530138759169
1206345425239891968
1206295919592914950
1206448886958702592
1206306828411441153
1206307748268384257
1206352020787146752
1206327353565163520
1206369843492118529
1206307372341313536
1206315027898212354
1206316985988071424
1206326657453301765
1206341310753525760
1206422527179919364
1206306871742730240
1206317089599963137
1206348123817291783
1206438305375625216
1206427783615913984
1206316947337547776
1206423319312027648
1206414756929818624
1206308654242242566
1206320350285488128
1206285119687974914
1206322077101428743
1206307754895384581
1206281678404149249
1206326070292754432
1206349661231075328
1206307889129885696
1206307619134156800
1206358313375600642
1206326715057881089
1206434824518590465
1206427148464148480
1206439878789156864
1206367850824425472
1206429265727766539
1206388663862644736
1206360161025220609
1206426774177034242
1206305722629345282
1206331114828292098
1206302177838452737
1206436755349618688
1206308134966431749
1206343304486498304
1206435710191964161
1206373756555411457
1206332868584185856
1206375658701688832
1206417477678379012
1206343001221545985
1206317740660789250
1206339952788803584
1206423832694800384
1206303325475528704
1206322984773918721
1206381195589750784
1206417926603051013
1206437027799093250
1206426149536116737
1206308728024252423
1206335941750796288
1206340256775254016
1206374039809339393
1206420160208347137
1206423377759612928
1206418317050830848
1206326316808712192
1206311843314249728
1206320898275528704
1206450514050867201
1206374338733195264
1206303464596418560
1206302662737743875
1206418400005820421
1206307977994616834
1206344559401349123
1206307943165153280
1206352997258805253
1206310789470212096
1206308026262663169
1206448403695230976
1206383459377274880
1206340070824919040
1206313338721968129
1206299651160317952
1206439637159424000
1206436755903303680
1206411398345101313
1206400247959900160
1206310474729566208
1206309506432585730
1206429649951174656
1206306766834872321
1206309001794863110
1206342919822757895
1206380981730582528
1206422006645841921
1206413799516971008
1206437021318823937
1206357058880253953
1206330787177607168
1206318167238348802
1206415458896957440
1206351967011954689
1206315115525627904
1206318079380246528
1206432438047715329
1206311472873312256
1206241174899572737
1206289574496030722
1206304629706887169
1206384880948518912
1206302305529815040
1206323722552061952
1206304365964869632
1206308340428607491
1206324480836034561
1206374762844479489
1206306437271560192
1206326756900298753
1206315836744650753
1206402011736018949
1206322690405158914
1206383576318664704
1206318837639069696
1206415589989859328
1206438663988613120
1206304709323214849
1206304369290940416
1206351979561324546
1206284666573115392
1206319917265555456
1206344139052335104
1206328551403864064
1206416587739336704
1206349244988379143
1206429021539573770
1206302454092050433
1206112801443459072
1206306827580952577
1206320122492641280
1206285720723349505
1206443651930431490
1206322222673121283
1206289490853187586
1206337159159877632
1206307749207969792
1206309740944515072
1206265487845400578
1206412903068377090
1206427751852511232
1206346225546616838
1206314291797929986
1206309039803637760
1206307617578127361
1206331097245769729
1206320913429520390
1206314989390163968
1206422822853234689
1206351051382767616
1206421232679346177
1206340221266251777
1206433663921086464
1206341019035455490
1206307258419818500
1206341234962444289
1206356511670358017
1206282133288996866
1206315831275208705
1206323200604418050
1206435835974959104
1206340368649863168
1206421502289219584
1206303417255239680
1206325282837278720
1206446022593064960
1206277283511783425
1206321365890023424
1206295911627939840
1206406961404796928
1206414638230966273
1206307404641685504
1206309849962860545
1206333172176302081
1206307581213450242
1206425827258306560
1206312124840075266
1206444833029705728
1206372856424214528
1206440397083422722
1206449248197324800
1206351370254798849
1206418681871454208
1206369762936344578
1206307129214324736
1206308138510618630
1206310543134470145
1206333510799314945
1206317757412892674
1206324863360815104
1206386786144018433
1206444950596071424
1206438379300311041
1206328147559493632
1206317259351842817
1206424272429895682
1206417262762172416
1206321012654116866
1206325699851759617
1206296830201548803
1206417153823592449
1206308209419571200
1206434127811088384
1206312294340321281
1206410438826704896
1206336444484198402
1206344647846567936
1206332539662741505
1206388257287757824
1206428917353058304
1206397044157558784
1206304685575069697
1206431654656512001
1206300626893840389
1206328857646764034
1206331439542939653
1206320767966822400
1206425202449629184
1206327591206113281
1206322359591952385
1206357912949575681
1206431406458646528
1206312390595358720
1206324312304738304
1206418903636807685
1206433915956797440
1206339542556524545
1206402304204791812
1206419141411913734
1206307747102384128
1206413305901985792
1206315621321003010
1206411950038671360
1206275991573868544
1206442308167766016
1206325247542267907
1206321573109649411
1206325432674660356
1206294073662939136
1206322645538656257
1206433886592524289
1206342007414829058
1206312424015646722
1206418921173196800
1206314330398040066
1206366344209412097
1206307731994492929
1206298407821881361
1206363801211285505
1206436927676801027
1206309356456808456
1206431922295070721
1206323057985495040
1206327839034880002
1206313728427352065
1206443464755499009
1206330476908167168
1206379142989729793
1206305097162149888
1206318115237351425
1206341138103361538
1206308733829177345
1206309193315164162
1206324854535917571
1206319297762594816
1206450244495593472
1206306875718995968
1206453514756612096
1206341951047577600
1206377887244410882
1206338811564871682
1206322137453285381
1206309553958195201
1206283440271835136
1206332498831118337
1206307426875723776
1206440063112040449
1206344672777572358
1206419724441133056
1206355068238409734
1206425784698703873
1206348028543680512
1206308584671154176
1206450191051694081
1206306114645741568
1206395610183749635
1206414498137067522
1206332383034773504
1206318432741928962
1206426366331240448
1206327960120283137
1206351369554350082
1206308106671665152
1206318809830887429
1206320238054301696
1206411970100056066
1206331714878025728
1206337388777218048
1206313686488485889
1206326474069938176
1206306895834820608
1206305809661075457
1206327115383226368
1206428639908245504
1206418114239483904
1206311978110771206
1206414013711757313
1206387235131670528
1206325359299506176
1206311538883268610
1206336235091959813
1206422461258063872
1206326259883630598
1206296344916365313
1206359879553867781
1206426491673882624
1206445066434338816
1206362791701032961
1206321738985955328
1206306647599177729
1206449194665463808
1206431862169722880
1206308103429533698
1206326848252207105
1206307623743770626
1206307097228562433
1206340720803663873
1206320378261524480
1206330433270665216
1206370532305887233
1206308215002206208
1206298507377889280
1206329357955932161
1206317943979696128
1206445242200809477
1206425783339802624
1206325385195139072
1206312159355047938
1206393159326060544
1206309962139521029
1206352956599230466
1206354565416787969
1206422129127936000
1206307168472961030
1206321582701973506
1206309181122338816
1206319142653042691
1206305687992754176
1206385088847654913
1206434006079721472
1206322253643825155
1206307548162404352
1206361747361280001
1206311386487361536
1206327938146349056
1206328481182826496
1206309348856741889
1206310716053106689
1206312995367870464
1206307847711186944
1206314877838594051
1206335160628760576
1206315097167138819
1206277577561837568
1206365936841875456
1206302470886088705
1206308554346512384
1206444482767589378
1206293717356810240
1206383778173767685
1206411150914703360
1206303095673819137
1206308103668609024
1206308449342164992
1206408060169834499
1206333920700248065
1206435138978091008
1206284605579505665
1206444798850281472
1206325970120183808
1206306862536232967
1206308352113991681
1206339747720912896
1206411612887891969
1206308820349112320
1206332539406819334
1206292816328118273
1206408432288448513
1206308455457398784
1206308298783383553
1206411391617372161
1206342062217543680
1206403195880255488
1206323017233633280
1206307926404718592
1206436864556699653
1206429826258755584
1206308615797256197
1206348195317596162
1206311723432583170
1206407742069628928
1206449644391337984
1206345460857868299
1206289919548821504
1206423038851457024
1206420285089562624
1206428475982258182
1206316565853016073
1206308834861408256
1206356844240920577
1206415627914797057
1206329145392816135
1206430764402925568
1206437465713758209
1206323471237689349
1206307593238515714
1206323203485896709
1206367193862201346
1206312082137845760
1206340192723984385
1206439900377161728
1206332407508590593
1206440238811418625
1206330447011168258
1206305140069847044
1206284176300924931
1206311623872458754
1206424969196032000
1206322493394472960
1206448435169255424
1206340396290314240
1206306899752292353
1206343149192388613
1206297135521697797
1206306012543799297
1206438454143463425
1206312916473040896
1206330549788389376
1206321471011864576
1206411536010534912
1206318937220272128
1206304647910170631
1206310722009010176
1206321151712075776
1206418682265473025
1206304917427802112
1206310456639537152
1206375184883765248
1206292381265469441
1206423054018068480
1206282266634313731
1206348772214738944
1206149677567107073
1206415804008411137
1206312760189079554
1206332633061449729
1206306751584317444
1206282868957339649
1206432111005229056
1206306138515476480
1206412476188954631
1206425882828705792
1206307728567808000
1206335240928665606
1206294494838231045
1206362582984118272
1206336359469920257
1206437246221590528
1206322801793212416
1206308315283836928
1206281927721799680
1206309606374486024
1206324337076310018
1206436446560825349
1206452112609206273
1206443145304649728
1206300465975242753
1206326910155919360
1206420742763663360
1206280381097553925
1206307174445699075
1206445565124513793
1206350882939580416
1206331711044358145
1206299504703660033
1206327570876313600
1206344744730845185
1206307618597351424
1206320548747370496
1206287835449503746
1206331527975575552
1206320254466572289
1206306867569451009
1206309122980958209
1206348449454657537
1206316447263338502
1206297211862233088
1206297224122183680
1206297840605106177
1206350569201377283
1206313575041716225
1206318833662869504
1206323942417453058
1206437014150799360
1206301381084303360
1206297647491010562
1206437371434209282
1206421753951670273
1206435397758332929
1206322282060230658
1206307390955696129
1206307015393447942
1206378821273866240
1206309156703145984
1206320144567410690
1206306858044153856
1206320073910214656
1206305357208969216
1206309341701267464
1206346079110942720
1206434459295342592
1206307188773412865
1206449657657929728
1206314941822554113
1206306083821764608
1206338790450704389
1206311453109690369
1206280091786985474
1206283273783201795
1206432542397784064
1206294138662137859
1206306396385488897
1206355240230014976
1206325771767336962
1206316079758430209
1206310350813052928
1206328437213990917
1206332595358851072
1206315228255989760
1206312488909901831
1206350699900092416
1206308318853120006
1206399689018486785
1206353975223750656
1206306559153692672
1206353166696112131
1206318855133581313
1206309646555865088
1206321400220442624
1206422454601691137
1206323322197364738
1206286690085679107
1206326000889540610
1206316515378769920
1206349256845647873
1206433033001295872
1206436094763552770
1206333070883872768
1206313887311843329
1206387298348220417
1206315098844913664
1206304642004590595
1206317359616671746
1206325094953426950
1206349779682377730
1206432229443944448
1206321542721875970
1206431175314755584
1206347616822398976
1206400083400544256
1206302871379173381
1206324637472301056
1206323907898290176
1206322597006381057
1206352720254234624
1206172937608466432
1206444167511105536
1206359950844473345
1206434865966723072
1206452393493303302
1206406003681570816
1206338926216142850
1206341714803412996
1206317070994083846
1206433818334416896
1206435644370763776
1206403305460682753
1206316937363492875
1206426542496198657
1206320863332765697
1206307857693630466
1206422410804813824
1206327699016441859
1206310769043877893
1206418614024384512
1206335976995463168
1206422035624349696
1206410504102699009
1206283623080566792
1206318804432773121
1206307269387980800
1206307731038187520
1206340617439268864
1206312615879888896
1206436742984798208
1206350521214390274
1206419675267108864
1206435334973730816
1206305581033828352
1206418999866736640
1206425974394572804
1206329549056888832
1206409106292183041
1206305044183879681
1206299510005215234
1206297500455448577
1206437422478823424
1206427626530902018
1206332591764385793
1206299111185625088
1206403553180487680
1206324686440804353
1206441045665468417
1206321375075590144
1206433174445809666
1206313444137488384
1206418234909560832
1206332806214934529
1206315298527305728
1206398526768459777
1206321010682793984
1206319914727944192
1206314031084163085
1206309836725641216
1206436615197003776
1206326850299060225
1206309528863727616
1206416734422519808
1206306908946259968
1206451093418528768
1206300095727230976
1206337579529973761
1206446809394171904
1206449243986284544
1206326856506576897
1206309293600972800
1206318065044119552
1206313827660369930
1206320731367313408
1206432361413595137
1206414128019050503
1206312434149023747
1206319962840801280
1206297541526085633
1206308382816243719
1206375989342806017
1206309678889816068
1206309701832650752
1206282831711866882
1206281716312264711
1206307723211681792
1206428134419161088
1206306436621488129
1206283714159947778
1206426614139105285
1206405761380818946
1206335662259146753
1206292974285529088
1206307635861082112
1206439201786474496
1206305678152867841
1206327014040453120
1206434216373882880
1206432506775588865
1206289837843722240
1206414422702534657
1206418915544444928
1206333185824624640
1206423017552789506
1206311489004560384
1206307643905761284
1206453550127177728
1206297954392461314
1206321928660815872
1206449651047518208
1206308298892419072
1206326885015261184
1206312738156363777
1206305816527212546
1206405657408233472
1206324354000326657
1206434464571760640
1206424704078233600
1206306463666319360
1206306944853663746
1206331071245230080
1206315776082415621
1206446890654588933
1206315864699609088
1206292788213637123
1206300405937905664
1206344047704641539
1206420980417138690
1206445402280603649
1206334230218887168
1206428120204632065
1206307654639005703
1206425415465738240
1206382572655271939
1206385638716653569
1206304580994240513
1206307479669354501
1206409410303733761
1206331448627781633
1206319159283535872
1206347117180149760
1206326606849069057
1206431099594969088
1206321736154853378
1206326369954811904
1206410051558289408
1206415261571661824
1206211860476895232
1206433734251208707
1206341253522178048
1206318947764785153
1206328410789892096
1206311247060307974
1206424647962677249
1206451119926530048
1206366811647856640
1206308386666668032
1206311487620427777
1206450609504821248
1206307738944454656
1206321262299099138
1206338383087308800
1206316167331221507
1206308185205886977
1206320749545439233
1206426596724355072
1206324974023258119
1206355982286295040
1206437576212721664
1206348112283021315
1206347888793657347
1206320898153811975
1206307844397645826
1206411030835978240
1206322380437630976
1206340568126803968
1206312895740547073
1206293672192593927
1206428764118409216
1206315702833098752
1206315860685721606
1206308103177814017
1206333168854413315
1206394704071397376
1206305029860270083
1206282941694914560
1206307030979493893
1206308294467432449
1206328602159144960
1206416780224290816
1206307557817638912
1206295679909453828
1206325608004886531
1206306849726832640
1206320965761810432
1206416847278620672
1206404970423234560
1206309395942068224
1206319488674742272
1206322928339636226
1206353601540571138
1206362846851936257
1206307920230649856
1206340933257777157
1206326755491024900
1206307804941864960
1206389600878551046
1206339482275983360
1206269935757991936
1206379068318466048
1206450019085234182
1206318559615496192
1206412511911796743
1206408356912619522
1206323195575447552
1206293288262782980
1206442069256015872
1206427949504839680
1206320287513563136
1206427286993551360
1206328111194882050
1206307360773423104
1206441962611650560
1206321577270349827
1206423216220192768
1206312392717688836
1206325093166698497
1206428448710938624
1206425274595840000
1206307624674897920
1206322030854971392
1206308214045913089
1206323976450039813
1206303834097754113
1206325242089619456
1206406340048019456
1206339342098206720
1206321112222703616
1206445200555544577
1206284184790147079
1206441539662204929
1206312801582624770
1206352083613626373
1206434890255872000
1206420834203717632
1206346815324467200
1206435356050100224
1206275561288609793
1206365869934338049
1206312607679946752
1206355002920488966
1206314644945735681
1206313333244223488
1206320582742216707
1206337881763135490
1206310762874048513
1206331712038408192
1206315677017088003
1206305241660100608
1206425367638093824
1206432440497180672
1206337660140294148
1206439107783806976
1206314542160064522
1206321260801744897
1206372493101060096
1206325217490063361
1206307219177967617
1206307630152585217
1206336550004547584
1206306851249373184
1206443911679528960
1206441786190835717
1206418487935164416
1206306938373525504
1206322660587773952
1206438180775432192
1206294563087953921
1206315561027883015
1206308045342609412
1206343579297361921
1206428282939486208
1206306820060598278
1206409257186402305
1206306902407340032
1206306941158465536
1206375056483475456
1206445742170226688
1206333746779238405
1206429930713735169
1206310843174072325
1206418289347436545
1206341321797054466
1206411408306589697
1206323738670772232
1206344145574486016
1206340744056901633
1206341247780245505
1206410563674394624
1206334585895899141
1206290944653504514
1206305997461106688
1206441385211187200
1206342582021820416
1206346212464562176
1206401240172810242
1206371357908439041
1206423474379603969
1206321615455367169
1206443114984091649
1206308026023591937
1206342497313665024
1206283560136646661
1206357101938970627
1206314848310747137
1206315018595295232
1206316168446914560
1206430811177848833
1206299163765460993
1206397346206146560
1206309037341589504
1206331694237855744
1206313504053051398
1206406292216143872
1206435968322068481
1206345704521818112
1206315739231207429
1206410761624571904
1206240680923844609
1206332318065016836
1206448178540797952
1206325744915361794
1206384817727770625
1206316659981606912
1206306881066733575
1206322050937303041
1206358493197942784
1206307426355552256
1206433987218100227
1206335216417222657
1206324420886892545
1206409084481802240
1206295495011905538
1206424822235967488
1206425547863183362
1206428308675710976
1206307819756146688
1206439913870237697
1206375685738188800
1206303928519929856
1206309319983161344
1206314465710551042
1206323566880395266
1206303253820067840
1206283263385448450
1206317322308399104
1206329271960166407
1206315126078529537
1206306850171498497
1206414631901773825
1206328176089206784
1206342773789614080
1206309387473698816
1206436976737562629
1206287636043841537
1206306809297944576
1206447891931422720
1206307826085314562
1206323194036183040
1206317245611331584
1206431040111288321
1206336877990752256
1206292059730128897
1206308904377966594
1206314881735168001
1206309622178615298
1206424491091546114
1206408120622288896
1206329165743579136
1206320946304471040
1206406598547136512
1206379315543367684
1206425880039432193
1206289095019941888
1206336174220042244
1206343733291171840
1206359528893296640
1206320074514214914
1206409500892246016
1206452326015389696
1206346243322068995
1206347458902663168
1206309536509890560
1206331390427631616
1206448815080976384
1206303844214460422
1206420934980198402
1206308212749799425
1206329488826613760
1206304820317044737
1206434949206806529
1206304416623734790
1206306089664466945
1206308678883848193
1206386131090190338
1206421968523792384
1206311406540333056
1206316890546671616
1206321045705314304
1206304083805712389
1206409467933396993
1206417429204742146
1206437246221590528
1206295911627939840
1206274580240912384
1206313960535928834
1206303950451986433
1206306463666319360
1206281070875992064
1206436767559278594
1206308458963914752
1206320752783482880
1206443005735034880
1206203049963872256
1206325744915361794
1206314465710551042
1206343498384977925
1206311287002718213
1206291901705572352
1206307292146257922
1206313274289070080
1206312128367529984
1206432438047715329
1206308174783033346
1206306766834872321
1206415846437994496
1206112801443459072
1206434890255872000
1206307353173344256
1206298162643832832
1206314715925929984
1206312801582624770
1206436976737562629
1206424603096162304
1206112699018555393
1206304974118031361
1206410188124753920
1206304980325617664
1206349256845647873
1206373190672560129
1206307557817638912
1206426092543893504
1206299694076444675
1206310545726562304
1206420058790080513
1206309704676319233
1206289320249876488
1206411408306589697
1206451717384085505
1206304584895016960
1206434803001839616
1206330478090956801
1206331694237855744
1206311307877724161
1206312788018319360
1206314075745083393
1206338650386120704
1206407192645111808
1206305360543387651
1206448178540797952
1206437750284660738
1206295895454748680
1206318093171142657
1206426760004489216
1206329006339108864
1206309092941291520
1206350630933188614
1206314311104286722
1206307070858997761
1206312106007642113
1206284883913519106
1206359528893296640
1206277853509300225
1206332155032408065
1206309218766209025
1206441828083470336
1206282519160725505
1206423255235649536
1206418614024384512
1206149677567107073
1206307195182338049
1206451770735640577
1206429649951174656
1206357124688809986
1206305048097107973
1206311492968177669
1206309048192262144
1206310456639537152
1206178410848014338
1206422747582214144
1206439175609819137
1206306880378855426
1206281456273764352
1206418493383626753
1206308103668609024
1206447451655299072
1206307721303212034
1206307061220466688
1206438454143463425
1206309431576858624
1206304906019319808
1206320765131526144
1206450191051694081
1206306783385571328
1206335402518491136
1206448302708928512
1206312568060559360
1206306083821764608
1206324095270445057
1206307573349146625
1206448882206597120
1206332126439845889
1206308535740575744
1206305769253228545
1206452143949058049
1206308134966431749
1206310666048548864
1206422193615331328
1206321260801744897
1206317631210430476
1206435392725176320
1206428475982258182
1206416956221526016
1206445362380247041
1206307056959066114
1206305365081690112
1206308214045913089
1206418114239483904
1206433292708450304
1206311102709153792
1206304324936257541
1206409084481802240
1206408977183059969
1206317660927070214
1206282868957339649
1206415284258689024
1206436615197003776
1206437730470764544
1206203963441324032
1206447690269245440
1206282133288996866
1206336848613855233
1206308209419571200
1206311303079481345
1206322282060230658
1206282833339256832
1206303059242041344
1206321701279145984
1206424709170155520
1206240680923844609
1206416949846122497
1206438475362455553
1206290893625593856
1206302256099971077
1206308109192499201
1206306773407338496
1206287234598678532
1206446162515054592
1206283343651889153
1206304276110364673
1206172937608466432
1206437807813738497
1206294494838231045
1206311916177485824
1206312163536756736
1206426491673882624
1206311109969489920
1206340568126803968
1206451119926530048
1206269935757991936
1206324448334356480
1206248624084148225
1206232858265825280
1206236746326790144
1206282197000433664
1206255182960615424
1206244571509936129
1206215310816227328
1206268596550340608
1206244171796951041
1206239448008146950
1206267844410908673
1206441679634550785
1206415429138292742
1206422185302220801
1206298875499294721
1206416847693893632
1206242663143559168
1206431906264420352
1206132354554703873
