1204252737350897664
1204140995194970112
1204019817457627136
1203990632328511488
1204228349012455425
1203949747377061894
1203991649883426817
1204054467869626369
1203986060650459136
1203974683265306625
1204068090419535872
1203952767015870464
1204160430811369479
1203955789515280384
1204213016591421441
1203947699864772609
1203924584283566080
1204231491279962113
1204057994453012484
1204161750830067712
1204151833452789760
1204163795146412033
1204136103739084808
1204146470527606789
1204132436382236673
1204136413291261954
1204133784955817986
1204140782929825793
1204132785776140289
1204137439666884608
1204230231869009920
1204132573053669378
1204265804021338113
1204147261065830403
1204132160308944897
1204253206181748738
1204254609415516160
1204132494464946178
1204269134286114816
1204162195082416134
1204009198683594753
1204180138977583106
1203971937875218432
1204239256916570112
1204143790354776064
1204265601834921984
1204132009238573057
1204131870205784065
1203986814551371778
1204142030642962432
1204131864786681859
1203968430644350976
1204138291974549507
1203943604089212928
1204131872994930689
1204270429516505088
1204131955085848578
1204132578950819840
1204156250424008704
1203985692705079296
1204278776043122690
1204132933919002624
1204231623752982528
1203978160053858305
1204021717712228353
1204135300659851266
1204132661528317953
1204134410389512192
1204132305008308224
1204246977489358848
1204132248095789062
1204137782056247296
1204131831525859328
1204141662387212293
1204206345534234625
1204166479786188800
1204195084985683968
1204115115945201670
1204133181902987265
1204132789072859136
1203967399118229508
1204131901289705473
1204225954433896450
1203967698314694656
1204138125766877184
1204148013540823053
1204069860403240961
1204148593415860224
1204259677699235845
1203970226074923010
1204132751508684801
1204161944401436672
1203943588691927040
1204271283199971328
1204132225224237057
1204131870960750593
1204131884407644160
1204149840252481536
1204160914334867457
1204131867684986880
1204148768037322753
1204132865736413187
1204017074223374337
1204133582123323392
1204168560060358657
1204143595365765123
1204230641174433792
1204137044466896897
1204178974634631173
1204132196820361216
1204131844758872064
1204273939947704320
1204171386358550529
1204142527974117376
1204162502344482817
1204178816115101696
1204058031232897024
1204132482670575618
1203989693320314881
1204153413501620227
1204143284165185538
1204141750694088714
1204137297899347972
1204137083885031434
1204137400978591746
1204239854185406465
1204232228668137472
1204274913483411456
1204134670566395907
1204131933518778368
1203992015958093824
1204262589334740993
1204141953018929153
1204148751079759878
1204237690633424896
1204255061582503938
1204132704826089484
1204132625268584450
1204141010348937217
1204134369318907906
1204262740942114817
1204158892663562241
1204144826389794816
1204131809086320641
1204017533302583297
1204237859386990592
1204131788265861124
1204254828425293824
1204254239716974592
1204136037796237314
1204136337852567559
1204132696479477762
1204144742151401472
1204134409928134662
1204157742140788737
1204139212842385408
1204262685879209984
1204086277571858432
1204131866959392773
1204131857358606342
1204021768064819206
1204142122649165826
1204133547407224835
1204178505208078336
1203994846521942018
1204146549128859648
1204091639737835520
1204023072153620480
1204135280950820864
1204136934777462785
1204022424917938176
1204132679790276613
1204157757047398402
1204132410293538816
1204148508212826113
1204156844064854016
1204143033576497162
1204262733866323969
1204132548131147777
1204133958339956737
1204131862458830848
1204260812933783552
1204156635083657217
1204158118030168066
1203952293827268609
1204229283985657856
1204265600907972608
1204141560302067712
1203997944174784512
1204152876433575941
1204134620876410880
1204159147371048961
1204197910176555009
1204142013328822272
1204146384498298885
1204207909699239937
1203934458304438272
1204229071707746304
1204215120299208705
1204071060267773952
1204132237517754370
1204132997655597062
1204134054465028097
1204240681365061637
1204131842275860482
1204262816766664705
1204132755992457217
1204124317568647168
1204168748418109441
1204255862308638720
1204165827433508864
1203972022214246400
1203967442785099776
1204279468862377985
1204140510149001216
1203978134288244736
1204131834659037185
1203973259223584769
1204021082522554369
1203957468457365504
1204182166126628866
1204131993346289664
1204137195084419072
1204236416991055872
1204158380832673794
1203988276304068610
1204209150550511616
1204158243184029697
1203982445017751553
1204155168377450497
1204131821514117122
1204131866565128192
1203983363004076033
1204166261405618178
1204158080428204033
1204132533316833280
1204135902030766087
1204132056390946819
1204262905291640832
1204169009865904129
1204132261358133250
1204112255383744513
1204136295427129347
1204132824355397633
1203973545245773824
1204002358700761088
1204137977720590338
1203970360548483072
1203982683921096704
1203999930853085190
1204148381070835722
1204008346338156545
1204132284477124609
1203981778907811840
1204133711924645889
1204263082144481280
1204132297886371841
1204083652344369153
1204138810923266048
1204137769909542912
1204204596895342592
1204157419514998785
1204124753436516353
1204144126159142912
1203929873363943424
1204157631843196928
1203976820825247745
1204135203884670976
1203997395492708353
1204025257092403200
1204132072903921667
1204124794851074048
1203976036565864449
1204146454148911106
1204221947674009600
1204057851997687808
1204131886538338306
1204084197427683329
1204133892946567175
1204133623575785474
1204131971561115648
1204227428547215360
1204245584061841408
1203993701334290434
1204131816808099844
1204157505863065600
1204080923328819200
1203967408890884096
1204164403270180868
1204146451292598272
1204131819588923392
1204133848218578946
1204131956402933760
1204135830786363392
1204136005374218240
1204142435678457857
1204132606855581698
1204132828381888512
1204146648231956480
1204144447652544515
1204162155966271488
1203995864815017985
1204264325944414209
1204142662267396096
1204218844816035840
1204134084445913090
1204135596068876289
1204144009049989121
1204085041158148097
1204183790949670912
1204150887708549121
1204146330186240001
1204132133314408448
1204263885668339712
1204144273769353217
1204258519580577792
1204136302935003137
1204014439072223233
1204131861540286464
1204133077116690433
1204131824269766656
1204148415065665537
1203984298807832576
1203992472780759040
1204164677057630209
1204131816027897872
1204186769589190658
1204142805695782912
1203974096012353541
1204135338215706624
1204202156192079873
1204135195110203395
1204152906355761152
1204151003932712963
1203967359805009920
1204134323877748737
1204143451568300039
1204117998237364227
1204003187671359488
1204132749889724416
1204067576059498497
1204134929866641408
1204149997631135747
1204222587859095553
1204139768357048321
1204203980940873730
1204238459130519552
1204131790203576321
1204217535425601536
1204266814265532416
1204267008088576000
1204268042621980672
1204137147902701568
1204132448688332804
1204134533274243073
1204132062401302529
1204142047118200832
1204187638766411778
1204136281728573443
1204011291528105984
1204183733357760512
1204134393171890176
1204137312189329409
1204246262524121088
1204132405432467456
1204134944374693889
1204023241528004609
1204131735241469952
1204157056976068614
1204264662096916480
1204140698376773632
1204133888391553024
1204131893769310208
1204213737143623680
1204239174305558528
1204135092890865666
1204132265749614592
1204254315113828352
1204140248348971008
1204138774315307008
1204191019341930497
1203983324752097280
1204132597208690689
1204124680271122432
1204053697120092161
1203967512116912128
1204132608122249217
1203994308724101122
1204137018885836800
1204268061899055104
1204124981451460609
1204133045420339200
1204124554106421252
1204132052280500225
1204133301411336193
1204163432695681024
1204189317951832070
1204152845739679744
1203969595046014977
1204068451960131584
1203997592302030848
1204147331559575555
1204140262118842368
1204135252794454016
1204139073838964740
1204061532822347779
1204250454491840515
1203967688189587456
1204231821241847815
1204134120294514688
1204234459178061824
1204155335382093828
1204132818844102658
1204147980812660736
1204183666001416192
1204131914250104835
1204134957993603072
1204138945929498624
1204274650328551424
1204151406506250242
1204218399401926656
1204008639364775936
1204099329700630530
1204142056894976000
1203940122829434881
1204132016683388928
1204079229526331394
1203934525111382017
1204094004880642049
1204016099060338688
1204091870642659332
1204244510475268096
1203927712768892928
1204099472961073152
1204168370662326272
1204043046217822208
1203918764741419008
1204055023614861312
1204060935117266944
1203926581447667713
1204004686686240769
1204057091419365376
1204044169133645825
1204137118399913985
1204035138658734080
1204129224220655617
1203933323891838977
1204142578905600000
1204244777019072514
1204015354462265346
1204004811701735425
1203939326935089152
1203942141547945984
1204272938217811968
1203968321344954370
1204083662553264128
1204003775217840128
1204083324861460481
1204122537552220162
1203969353491849216
1203969076432949248
1203929991697850368
