1203599431880167426
1203780627528482817
1203881567892000768
1203558705360326662
1203588069762445314
1203771665072689152
1203599430412201984
1203624834531504129
1203745977263362049
1203717935346438145
1203655855926845440
1203739111904944128
1203759216336482307
1203774638414802946
1203562196900253700
1203720212929032192
1203596203977515008
1203911816428036098
1203794292717899777
1203765892313735168
1203720296143998976
1203719271462899712
1203596695965179904
1203717214655975424
1203601113846554624
1203752814159089664
1203755764839522304
1203699540836192256
1203658307715653632
1203737800480296965
1203658499634450432
1203758801100378114
1203752769917784065
1203663500133969922
1203706147825430529
1203681852420247552
1203689028744339461
1203897933931913216
1203663724424376320
1203753026005147648
1203674867377291264
1203897025915473920
1203663149028786176
1203758565477015553
1203886193928224769
1203891613287747590
1203658332671762437
1203736284856037376
1203556426792292354
1203753733097762816
1203678587641049088
1203691892392771585
1203662760283951105
1203654277580951552
1203753047534579713
1203720385625235457
1203753243110719488
1203752498252730369
1203873090217938945
1203788879293231105
1203752275098902532
1203811927450894336
1203674393672597505
1203781732635467776
1203774105578868741
1203815578722590720
1203760358109913089
1203665336727412736
1203789951705501701
1203677423478419457
1203658483247263744
1203754416282750977
1203690947357360129
1203787988725125120
1203691449906290688
1203755134682972160
1203752843020316682
1203764406921945088
1203669897236140033
1203758360115449856
1203756027394564099
1203768292978184192
1203662127866744832
1203666522129997825
1203658308256772096
1203660301712924675
1203759493395419136
1203658614046674945
1203730933884559360
1203692446481338369
1203659325283147776
1203753151200927756
1203658579649159168
1203759788095655938
1203799951500881922
1203768493264588800
1203874928514260992
1203587475836456960
1203752012669734913
1203659189853270017
1203670266079072256
1203757114797314048
1203752386163949571
1203671300163735552
1203757888692465665
1203729787329634305
1203693645645459456
1203687876908716037
1203664955578433537
1203763827264892928
1203666664149180417
1203664752557338625
1203658372114984962
1203756225915174912
1203752584273649665
1203678998372454402
1203669084136771584
1203746412535701505
1203752120140337155
1203667918652952577
1203751482128044033
1203796302997446657
1203796361356947456
1203753649094053888
1203755215767425024
1203668922928635905
1203666073456926720
1203586626758348800
1203752494570098688
1203752773252198405
1203730596532539392
1203773881942708225
1203756966692175872
1203773188301316105
1203660379928354816
1203664996913340417
1203658337537134593
1203764521204166656
1203752055380119552
1203720433184444416
1203772986211422209
1203770872177278976
1203752354878803969
1203659570738089988
1203661994240479237
1203744629096615937
1203889845711466497
1203682601476722688
1203764374927753216
1203752879649099777
1203658456491810816
1203658634405777408
1203661796726333440
1203696891470471168
1203658801615982593
1203850554818072581
1203752472235401216
1203705008098807808
1203711320748675074
1203662391927595009
1203754683828965376
1203660519124688896
1203691938270109696
1203757410504073216
1203809287904071681
1203666868722110464
1203763648843395073
1203719447292317697
1203752128977739776
1203776109428523009
1203803958990528513
1203661383302352897
1203762059604824064
1203755776667316224
1203702991792021504
1203752682319687680
1203666298502291456
1203658381287985154
1203753435465736192
1203752765018771457
1203773879719747588
1203759760518066177
1203787862547808261
1203720535772934144
1203658303903084550
1203665816262205443
1203752583136862208
1203666456988340225
1203714753723600896
1203658396500664320
1203841959380566023
1203857948944015361
1203789343955001345
1203770124962029568
1203752223873867778
1203672670287663104
1203752518628589568
1203758360023175168
1203705214521552896
1203659016729178112
1203669476614508544
1203659680075177990
1203753816530620416
1203752857352192000
1203752062422355968
1203753653976346625
1203814572018327552
1203671438466662400
1203752809868464128
1203774520441626631
1203752591810813954
1203663608586092545
1203698156141260800
1203668579436158980
1203752929838145542
1203705215016407040
1203658398434238464
1203753759005794304
1203876500744876032
1203755762184572928
1203757880329015296
1203658351013441539
1203738669586223105
1203755694069080065
1203778095993503745
1203756604312739841
1203771103056932864
1203718668988944386
1203752824569503744
1203658694912811008
1203695668864389121
1203693067586408450
1203660705666392064
1203756734000631810
1203660055423438853
1203756702631432192
1203704681983295488
1203800671146905602
1203669319768563713
1203694573094129664
1203767039942369281
1203661598251982848
1203658302405718017
1203658302770548736
1203841936022528001
1203663799494033408
1203660896167485440
1203679830962819072
1203752040519720962
1203669800624500736
1203672060603650048
1203759026896621573
1203694735170387968
1203658934340509701
1203658824953081856
1203717126705614848
1203764205075288064
1203755753175240709
1203752508394496007
1203761698202628108
1203658606257885184
1203658944075489280
1203694003973169152
1203586459657285637
1203782307330568194
1203833501256159233
1203658776110358534
1203675289945022467
1203754580468805632
1203754997911035905
1203661514546302982
1203752084920778754
1203663215512739840
1203752808295436288
1203660400870481920
1203658310739746816
1203663493595095041
1203757247249231873
1203722793231273987
1203668565733388288
1203708323381559297
1203625067243921408
1203658320843812864
1203661505339805698
1203912715053543424
1203708225247420419
1203781461763149824
1203755453601255426
1203693332024713222
1203752558147375109
1203639459360710656
1203658312664911873
1203888890362449921
1203758816942276608
1203694939319799809
1203751563790958592
1203823692695912448
1203753777385365508
1203706926321799168
1203658745835851776
1203660955110068225
1203753628126896128
1203789235574185985
1203659481588158466
1203760182993588225
1203710629896474624
1203753219928838144
1203811778569916418
1203765838802755586
1203752580314103808
1203752076104339462
1203697742268243969
1203755864894644226
1203658303823372289
1203693122812862465
1203658846293676032
1203755413382090757
1203658383917821953
1203658881618120705
1203687878531977216
1203752384192630784
1203882021778579456
1203762681582362626
1203754183398170624
1203659546406924288
1203752484415721475
1203731862612520960
1203765484983853056
1203684019327655941
1203719536517746689
1203673344362647552
1203789343619452928
1203717745533235202
1203710582089768960
1203658345636401156
1203754415427076105
1203752508281278465
1203687744586866689
1203771474009624577
1203764008597282816
1203801475035619335
1203681686803877889
1203753651715620866
1203879746138001409
1203664316089720833
1203678958753132545
1203658538742145024
1203754323739578368
1203659035158949888
1203661807149309953
1203663158977736707
1203752459031597060
1203721965346992128
1203760649630834688
1203753946512183296
1203760354226032640
1203707160573698048
1203864222549073921
1203755312907505670
1203658566420312065
1203683487980695554
1203753054803300354
1203681936968998913
1203773925592879109
1203585812878807040
1203753601463513088
1203711243447652352
1203740507672895492
1203752587738136584
1203770660423655424
1203759815970963459
1203883556394672128
1203857494688370689
1203752486483480577
1203670680803454976
1203659203472175104
1203658536858853376
1203752067183128578
1203752030671687681
1203752299551690752
1203773557144268801
1203670554022154241
1203775774555353088
1203666179551830017
1203753132112658433
1203658398706929673
1203692298892193798
1203882671404933120
1203673203014537217
1203753078249312256
1203757990286909441
1203754281591070721
1203707341625024512
1203757693971943430
1203744745761189889
1203752536915746819
1203659029509267456
1203752505932468226
1203752521505767424
1203631696782012416
1203898725606871040
1203660093751005184
1203748522375491584
1203723958970916865
1203726621775220739
1203658249205096448
1203658651132661760
1203658456663805952
1203788198230540291
1203781800025305088
1203758443359883264
1203754403301404675
1203667881466191873
1203777641196724224
1203731759038373888
1203763931644354560
1203857809047203846
1203662616020869122
1203752534223081473
1203562029157683200
1203872014915780608
1203832048034746378
1203690055841263616
1203658983938121729
1203732791793467393
1203757201879420928
1203752057599070210
1203693384801669120
1203664914675589120
1203770553703776256
1203764154793902082
1203752062581755904
1203664497090670592
1203748686154653696
1203754301002321920
1203658369669746688
1203680510171635712
1203688776251453445
1203658423528755201
1203658310433595392
1203661029495967744
1203683308883894272
1203779001875075075
1203752843729080320
1203659918898876416
1203752750867263488
1203769245693349890
1203741602163937280
1203758445964472320
1203659912036925440
1203659944521846789
1203752496977477632
1203748193860816897
1203774997728235525
1203745977263362049
1203717214655975424
1203759216336482307
1203628855325384704
1203765892313735168
1203743522588749824
1203738686019514379
1203619479567163392
1203680111532351490
1203739673165795328
1203793638859378693
1203862091830091776
1203640262049837059
1203615230842064897
1203626193335062529
1203582792610787330
1203672890845138944
1203722574888390657
1203620010398232576
1203665985926057984
1203681428648673280
1203809147717922817
1203681828445544448
1203617722153742337
1203666719321010176
1203661100266508289
1203637141563232256
1203561890594603008
1203626459455082496
1203792115152625667
1203705572417294337
1203583712694325249
1203718465888169984
1203681667149434880
1203564820458590208
1203807826071691264
1203712367764418560
1203555093276217349
1203691311557156864
1203734510220775424
1203794978897567751
1203717984830840832
1203578161709142023
1203683734584774656
1203785184761589762
1203590808903016448
1203716796152504320
1203705481744793600
1203698195571888129
1203875850027966469
1203733378345963520
1203714437514969099
1203693942757363712
1203730633215926273
1203855804325093376
1203677510325530625
1203700082761248770
1203578149474320385
1203707494364639233
1203724267852054529
1203807384877047808
1203668984069074944
1203627527941558272
1203816654037143552
1203790215787294725
1203719814226882560
1203614903845761027
1203718648139001869
1203756186375294976
1203683118021922817
1203726939791544322
1203836018207739906
1203633755023400965
1203560574333935616
1203712227825586176
1203695062883950593
1203759380627369991
1203710253235343361
1203778583505838082
1203681133537480705
1203699450109140993
1203678658797408256
1203690654880190464
1203697969691795458
1203746665385119750
1203559185931223040
1203612382414737411
1203706374007533569
1203757948767481862
1203589635399733248
1203810603669893120
1203774075660886016
1203783253548847104
1203627025568862208
1203642228796723203
1203725942348304386
1203879943509286913
1203895893486903296
1203800790512607233
1203825504505270273
1203560776021299201
1203755945135935488
1203729160499281921
1203570495561572352
1203757559267524608
1203811256383266817
1203701444643360774
1203768071690891265
1203672252480442369
1203697983235211264
1203778155087040512
1203811986880024576
1203667014272897024
1203668437056311302
1203672652768063488
1203813626878070789
1203805381513957378
1203622402623717376
1203615772163158016
1203741381971324936
1203676103480614912
1203777206826221579
1203807503756214272
1203716033921634305
1203719375540408320
1203631478103576576
1203805253042364416
1203730853844672517
1203764597200752640
1203688460982345728
1203708354528530432
1203666729840328704
1203762854500941824
1203586926109954048
1203588346355879937
1203744408677560322
1203706282978533377
1203694239584071681
1203777217240678400
1203715333191880706
1203746845966708739
1203676990731104256
1203737182307078147
1203803966372556801
1203596430088310784
1203612970451951616
1203684700256116741
1203694672088109058
1203738627618017282
1203786842807717889
1203867997867249664
1203797251522531333
1203598182166478848
1203748400069373952
1203740690078932992
1203806916763406336
1203753654949310464
1203748400908394497
1203814390861926400
1203724591715246080
1203760359368200192
1203557933885190144
1203752176604069889
1203796901524434945
1203695313573289985
1203725852187475968
1203630279652499457
1203731441340649472
1203762500996612096
1203684025438572544
1203637070096457730
1203739955748470784
1203681051366887424
1203833855570010112
1203727795676950528
1203772086117961728
1203610287351439365
1203731847622144000
1203830558075129857
1203570808024633344
1203780388667215874
1203570907618394113
1203667516821774337
1203841088554975232
1203873016951783424
1203816348763279360
1203754709263114242
1203720687761973254
1203803211313950723
1203781040072003586
1203653247300448257
1203738811727073281
1203679971794808833
1203752750384848896
1203754637066526720
1203747871763423233
1203795224864206848
1203747934489194498
1203770582472515584
1203697837856493568
1203820266696007680
1203721123185209345
1203677423499390976
1203640866675535877
1203613938589544449
1203770353622888454
1203732197213134849
1203727990422736897
1203698291482996737
1203557079681769473
1203681180538875906
1203726263392915458
1203808940040966144
1203570475621920769
1203789422032048131
1203648842077556736
1203776727668928512
1203692126422360070
1203798848306647040
1203758968268607489
1203719776738193408
1203622261888049153
1203599345767108610
1203851113268760576
1203584752328101890
1203752694197784576
1203767973166628866
1203680105941422080
1203638816650792960
1203564730658541568
1203701944033972225
1203727052454555648
1203719393038999552
1203773349106782210
1203725081123393537
1203748159526260738
1203660633058754560
1203815661266513922
1203696079734218752
1203774579862310944
1203738517269970944
1203727539702845440
1203914344028876801
1203713525295833089
1203736637005606912
1203750620093661186
1203580848622227456
1203641084292870144
1203612933760208901
1203648318217347072
1203620238048342016
1203666737968889858
1203621621598167040
1203766700434440199
1203682129940484097
1203701194998321152
1203807164390920192
1203699722667614208
1203789772029906946
1203726745616211969
1203616617910984709
1203844820197920771
1203652426525528064
1203631410327801856
1203811287232368645
1203573108847861760
1203685291640406016
1203866076234301441
1203681520831127552
1203730841953800192
1203564653672108032
1203767437596004353
1203679761572208641
1203787611753656320
1203780409361928192
1203795265175642112
1203758962820009984
1203648011357839362
1203570624268062720
1203789320194314242
1203787208785879040
1203570506009591808
1203758716308348929
1203760060410793990
1203821428979748867
1203738750041370626
1203674832807833601
1203600145901916161
1203679510190809088
1203820831173939202
1203620894091943937
1203731788943761409
1203731355999318018
1203851384686358528
1203753372567797760
1203810359238414337
1203780108835840000
1203585120629866496
1203615858691584000
1203586410986516481
