1201090569558265862
1201051633389432833
1201084821549830151
1201203067644977157
1201131685053632515
1201322455492509696
1201242744741650432
1201103537188433921
1201179005271134211
1201041191841796096
1201086199647092736
1201048931477536773
1201255860204384258
1201108569044725761
1201238572499685376
1201238321508290560
1201239246381690882
1201244998328565761
1201283415775105025
1201248590699606016
1201247638684864513
1201299527824744448
1201085078539001856
1201309273042632706
1201238499200000000
1201238254441369601
1201238224854761474
1201240863747321857
1201240709136887809
1201238986204811269
1201182521922400257
1201368205148733440
1201237761862328320
1201257783225700355
1201238356509806594
1201241637269262336
1201255328861638656
1201264347273662472
1201243823080452098
1201359653713653760
1201238450781016065
1201239896234635264
1201238317909581824
1201241714595434496
1201240163952844801
1201358641418457088
1201266569290100736
1201259169870991360
1201240877064175622
1201238388399116289
1201281926021177345
1201244307996512258
1201295925488033792
1201284454171447297
1201238379955965959
1201275041557729280
1201240524994289664
1201238229195919360
1201248318845796352
1201352661200777216
1201240553859559424
1201238227107098632
1201180980184268801
1201238197356941312
1201246225200226305
1201244141050585091
1201247439736463360
1201254254398332929
1201238341200596994
1201151033801613314
1201268055571075072
1201238238792503296
1201238215694438400
1201266617562390530
1201262682244079616
1201248569279361024
1201247820340174848
1201287637648257025
1201238217518964737
1201349326519316483
1201238574026375170
1201254663431086087
1201278178796412929
1201240477795831811
1201245670016991238
1201238860287614976
1201279771482697728
1201280268872478723
1201238628808220673
1201238472511643649
1201367960528588803
1201238489901207552
1201248370616082433
1201240347571044353
1201238345428455428
1201203067644977157
1201131685053632515
1201347734781014017
1201170709894045697
1201072156781817859
1201348878987083776
