1206732181835522049
1206528140480172033
1206639728700862464
1206636090175696896
1206654420676751363
1206667254710120448
1206657967908696066
1206460800359157760
1206628438188187650
1206619432568729603
1206738224481210368
1206547039225602048
1206588994814910465
1206611532215455749
1206667584868945921
1206518663425097729
1206632853284573185
1206555364860268545
1206705045506592768
1206462049053622272
1206454432361308160
1206635327756099585
1206657182936260613
1206591719761944576
1206466778148331520
1206542483242520577
1206590783589158913
1206528137628024833
1206621086772801543
1206500627444043781
1206682754924122112
1206627123169026049
1206615264135135232
1206581077348732929
1206479517465878528
1206509775820861446
1206493352549658625
1206579073780244485
1206480163761987584
1206613777745108993
1206517102900891648
1206567652258439168
1206562575053467648
1206521628907229184
1206522777504747520
1206466189884571648
1206504858729295872
1206491193619730432
1206505667953119233
1206631655349346304
1206510269750534147
1206476595592138752
1206633098739421190
1206630692349714432
1206461128928321536
1206459219681173504
1206523089661681665
1206508180336971776
1206505678212419585
1206498893418188801
1206592078387519488
1206767912893198339
1206463846686347264
1206636345151672320
1206488158126391296
1206498599745544193
1206610294400847873
1206801303449559040
1206634365561843715
1206637867696611331
1206499126692786176
1206484160380129280
1206501965078900737
1206496437271437313
1206483032804405248
1206533880100114435
1206548866746769410
1206541680679309315
1206467916729708544
1206705458746146817
1206514609164816385
1206473737912115200
1206538735589953536
1206478699962474496
1206521595696680961
1206646311350669313
1206772450240978944
1206505723552817152
1206473103779549185
1206510651373445121
1206611264727912448
1206559966678671361
1206511556046966785
1206523649269862400
1206512844910604288
1206642988983685122
1206502528571064320
1206660063278063617
1206805533208010753
1206799337461821440
1206498015596417030
1206462272219926528
1206492158242492422
1206660116168216577
1206612086161379333
1206485225888464897
1206511922859917312
1206587554239328256
1206477004654206976
1206675903293657090
1206479146093858816
1206579491881009152
1206718037933592577
1206589970254876674
1206551052465688577
1206659402801074184
1206515687327518720
1206456216995667968
1206572697129508869
1206492238445977602
1206616424002850817
1206756816316751874
1206500669189963776
1206534865618907136
1206709927940673536
1206477741660475395
1206526981703163905
1206527319277555713
1206525830811144194
1206462108357017600
1206676149109186561
1206524066842267648
1206541545400414209
1206592066484084736
1206800693002166272
1206637442381602817
1206482197047336960
1206583448196059136
1206480174759452672
1206500117282467840
1206473734548336641
1206473991113850881
1206495563916689408
1206608487100420098
1206471037128499205
1206577184225349632
1206785483352788994
1206581519998959616
1206482899358429185
1206506843004121088
1206464632250089472
1206487693858881536
1206704555783868416
1206466757105459200
1206585028920139781
1206632224864526338
1206463548999815168
1206798301212880896
1206610016377167872
1206711776076861440
1206551951682555905
1206554353923952640
1206460575997407232
1206813796234407936
1206625040424480768
1206725800474611713
1206568264056418305
1206491758315614208
1206581969036939264
1206474425085943814
1206511763920953344
1206641072132231168
1206557873964277760
1206591567433228288
1206543107736637440
1206673275599949826
1206463223794413568
1206466824931549184
1206611719482740736
1206475705573265408
1206660605622534144
1206530824994271233
1206598300650086401
1206785525564289028
1206797859317784576
1206503318140399617
1206577802511814656
1206464177281388546
1206519194356989953
1206707880935796736
1206518383606452224
1206493276804714496
1206534414466981888
1206483748138737664
1206600382589423617
1206539087219494912
1206688579969339392
1206469894713282560
1206493199604355073
1206463528376377344
1206676894218936330
1206504861946335232
1206805166965567489
1206704435449225217
1206473481161981952
1206597903973793793
1206536758382346240
1206460749138288640
1206468135223779328
1206518765288087552
1206476283695292416
1206504936160350208
1206613514284150788
1206588029470679040
1206645683299721217
1206508932874850306
1206618765653422081
1206532371312521216
1206494083918835712
1206666372291411968
1206491277702959104
1206533483318910981
1206514406282149888
1206513765983801344
1206590343304687617
1206654775145705473
1206573537676447745
1206663597130178561
1206517195137781762
1206470557979435009
1206752019622449153
1206561535272914949
1206455482489200647
1206498869833420800
1206632766529527808
1206530267583832067
1206526186848952320
1206518831021264897
1206491637016334336
1206464705381961728
1206479721820803072
1206455730276126720
1206495667914526722
1206786928579928064
1206495083933114368
1206491308522639360
1206682397091254279
1206475952856936448
1206520465000407042
1206521171795070977
1206521756485406720
1206550832361201668
1206466851724759040
1206616228476919810
1206461332209442816
1206730941718245376
1206674135344197632
1206611356285390851
1206494857885343745
1206707526407995392
1206692721911615490
1206519276552826880
1206654409385615362
1206487606697046016
1206455327014686720
1206537047139389440
1206641539218395137
1206597415828152320
1206484128268509187
1206468633595195393
1206489928051429377
1206597655884906496
1206551505832226822
1206602276758003719
1206777565588918275
1206713284684107778
1206512775616454656
1206520026490167296
1206510414831505408
1206493086978850817
1206569652744327168
1206629542003200002
1206589243637846018
1206600851181182978
1206519604895453184
1206483847547895810
1206586643609612288
1206457941676744704
1206663132669775873
1206572960938635264
1206810712951140352
1206525155616477186
1206472415640989697
1206477073289826305
1206617879929638912
1206562268311371777
1206673314929938432
1206493256248385536
1206799317924753408
1206455640379531264
1206482524739899392
1206592329336967169
1206521179118473217
1206620229842984960
1206612844323786753
1206493511241150464
1206518501755760640
1206512814078214144
1206549858234056705
1206527039039254528
1206469941798612992
1206472477070778368
1206592403169304578
1206502276866723841
1206597194498920449
1206588499954143232
1206461147249074176
1206501613029990400
1206654318667063296
1206454917768077312
1206455467670675456
1206615017107398656
1206732804576489472
1206535618764976128
1206566068594061313
1206524176930164736
1206813763745267713
1206457595982209024
1206497162114277376
1206515051085094913
1206547858733842433
1206501243901878272
1206478774042316800
1206513991784128512
1206513937560330242
1206524680695427072
1206463530918121472
1206535882683101184
1206562523673190401
1206500516055994373
1206472006683840512
1206598640225181696
1206485088202039296
1206562677075656704
1206544016491401217
1206504512321708032
1206476615611498502
1206465326126383104
1206678668929634305
1206454720908472320
1206495493163012097
1206715342862667777
1206468997883006976
1206620099077136384
1206500253723217920
1206484226838843392
1206560239090319363
1206572808026968064
1206695838975746051
1206550843450908673
1206533007663910913
1206689052130512896
1206513149987426304
1206549144749432832
1206463548785876992
1206670565043527685
1206488071908315136
1206461718702018560
1206604608442961920
1206472645065224197
1206634063928471555
1206560766012342272
1206460856344731649
1206636898753687553
1206502391677362176
1206541452387459074
1206492878563885056
1206550654925324291
1206460555109785600
1206611801686851585
1206485933333323776
1206514232667332608
1206709370303733761
1206523267781218304
1206522177639636992
1206471809513721856
1206458039802437632
1206477127593398273
1206542854191042560
1206509726185463808
1206559369061638144
1206552007764516867
1206712195972816896
1206466959187087360
1206526486959808512
1206528857563705344
1206812519001665536
1206709661392625671
1206465449367687168
1206594260625174530
1206533539975565312
1206629679505068032
1206805951199744000
1206505172836503552
1206812592095813632
1206564722356752385
1206546612744572928
1206707294362316801
1206557333544951808
1206632671763476487
1206517330659950593
1206508365939183619
1206507434669477895
1206539468104241158
1206532416166334465
1206530122024656896
1206513151384137730
1206502114060451846
1206555831480795137
1206670124654219269
1206576023313235968
1206465535933849602
1206705399195414529
1206809786727182336
1206585058431307779
1206520527088693248
1206578595692498947
1206487634232655872
1206511404058128384
1206652276384894976
1206501096988000256
1206664612944449537
1206462360828948480
1206641875781869568
1206600250435231746
1206521846612549632
1206622408943316993
1206615572093517824
1206474925269233666
1206542466997985280
1206564230620762113
1206500021379764224
1206520163287359489
1206517351694446592
1206737229151903744
1206461243785121792
1206616967911747585
1206457382995402753
1206577785558491142
1206580342154551296
1206516352359501824
1206514319464312832
1206513892530249728
1206483475425042434
1206688785666363398
1206544320301600768
1206537110163009536
1206571064781873154
1206488413064568832
1206530912038588416
1206502547755851776
1206503393948323840
1206475272985415680
1206561528796856320
1206729622072823810
1206477843686932480
1206560380648071170
1206459104929177600
1206485005142282242
1206524199151587330
1206642747169542149
1206477324226568192
1206468304841433088
1206537538246258690
1206637298881880065
1206484406627639297
1206573688281354242
1206530524405219329
1206468050515566592
1206544966262099969
1206509847887384576
1206516615526912000
1206605164624404481
1206689696832786436
1206551184078708737
1206583841311334408
1206548766024699906
1206572325040271362
1206463729883320321
1206483881639190528
1206470997722972160
1206519989693505536
1206459112973844480
1206485212252655616
1206456717111894016
1206529628824842240
1206608203678658561
1206631105358684160
1206497163863302144
1206466799065321473
1206619753151893504
1206510747313983488
1206456041388609537
1206464194368999424
1206556663920185346
1206579413539840000
1206558926583541760
1206521006963273728
1206502053645836289
1206466819856457728
1206505043274412032
1206581457931710464
1206522657342205954
1206660902919065600
1206489095431761920
1206457348845457408
1206481812169596928
1206709408677400576
1206548293351817218
1206486234144690176
1206661754815746050
1206531846793826304
1206631782281560065
1206577403276886016
1206622560131207168
1206659216921915393
1206508202793357318
1206480565475708928
1206545964275765254
1206469883762003969
1206623955970379780
1206633033882832902
1206637556013707272
1206543684059254785
1206516624209174528
1206562240008208384
1206505350490402816
1206574390462369794
1206530546547003393
1206623185820672002
1206555491192709120
1206503141048496129
1206468426992095234
1206525209798426624
1206462103562969088
1206476008918061057
1206510168495792128
1206513306040774657
1206480089891983361
1206633191181897733
1206468180132212736
1206672327926255616
1206456444368887808
1206766443469119489
1206737752533983232
1206682825849786368
1206525355059793920
1206537849388052480
1206533653808975872
1206573050436759555
1206491763701096450
1206513902810472451
1206499447544451073
1206541051273646081
1206498594922147840
1206581193455652864
1206536419285622786
1206497086411362305
1206467990771916800
1206572479575142401
1206665502275383297
1206499323225219072
1206486903312338944
1206589790683951107
1206700493046714368
1206739871517290496
1206670258523836421
1206516588423368704
1206489733582540800
1206614290708541441
1206496090217996289
1206531987974053889
1206520679002181632
1206519483512360961
1206502037107675137
1206488808931364865
1206503400210231305
1206559691263877120
1206526303702269955
1206545262539366402
1206548428769112065
1206460622986190848
1206472419847950337
1206538860026576897
1206613407547482113
1206475753635885056
1206546541059678208
1206470199584665600
1206473569028464640
1206602765843288064
1206651164768579585
1206541754557751298
1206543963911573508
1206554951465480192
1206468559930421248
1206523917420179457
1206475598970998784
1206606413700706304
1206557918029664257
1206642814240645125
1206502548686987265
1206506465034457088
1206582225724170242
1206642687400656896
1206611149090934784
1206585200475549696
1206520590154248197
1206515081380532225
1206568514762489856
1206705934573146114
1206697409952337920
1206525669997457414
1206464395313926144
1206596826025074688
1206537636959150081
1206523401306812416
1206539593308426246
1206468047831212033
1206609374795517952
1206505600345157633
1206624323575963649
1206498594506858497
1206628970277560326
1206508932979732481
1206494436257157125
1206615046425600006
1206467342789681152
1206632848163319809
1206587924197838848
1206518394503254017
1206526048319328258
1206520685373378562
1206482273127804928
1206526216632700928
1206705814335098880
1206641035365015552
1206654790064910337
1206632336240066561
1206587892333760514
1206652818637148160
1206489932300201984
1206663567350673410
1206572165287612417
1206552159552233472
1206538089490997248
1206620142018404355
1206495226342363136
1206503711247388677
1206603007502229505
1206600412721274880
1206610287346028544
1206503028905385985
1206460925886251011
1206467931514789888
1206644689216196610
1206494124138016769
1206712728896843778
1206473741930242048
1206628836743548933
1206529367188353024
1206654620216561666
1206623995690463234
1206707643055775749
1206623606379335681
1206455618497847296
1206540634036883457
1206533933267075072
1206563881809797122
1206521720053665794
1206638970945376256
1206545907644293120
1206771853739642880
1206463973211672582
1206492756945907713
1206547047479951362
1206543857606725634
1206699932247306240
1206706494122713088
1206477488030986241
1206459642861281280
1206741993931579393
1206488612747042817
1206520163736137729
1206471584124420097
1206520654239092737
1206462874077585408
1206550395574792192
1206571529191903232
1206459568324317185
1206586859448602625
1206652779437187072
1206524782155632640
1206532576392962049
1206490510636007429
1206773113398185984
1206566242636763138
1206560794135220226
1206478362312630272
1206479005324582912
1206519624428335104
1206512431666741249
1206526203403948032
1206499749119086592
1206578737791324164
1206493200623554560
1206454223157780480
1206681561057370114
1206466732845518849
1206635383607484416
1206511464586137601
1206578256935346177
1206497142724071424
1206510867354927104
1206640089868177408
1206588899331588097
1206467686143627265
1206467034063757313
1206560906659930112
1206523077179453440
1206501380439064581
1206556553341521921
1206691157054566400
1206483024159952896
1206581978591617024
1206550894600474624
1206497593288724480
1206616746104414208
1206561256464945153
1206517577343741952
1206672976709595137
1206685259217199105
1206470448952819714
1206454455882919947
1206643172123840512
1206495946558910464
1206487466087211010
1206811384303869952
1206610594343931904
1206517598768238592
1206643679756201986
1206624578631557120
1206482821247844353
1206496329767292929
1206640496174608394
1206560481231683584
1206475889191591937
1206668990241742848
1206457173271830531
1206550685749260288
1206476576566759425
1206466643913773056
1206554098440519680
1206508838742102016
1206482689404133376
1206569051947966468
1206513781519659008
1206467151051329536
1206519890816962560
1206512998183063553
1206471436564664320
1206648613973168134
1206515028297420800
1206641163127656456
1206483199171411968
1206532631262908417
1206458747360612358
1206533380545957888
1206638513795547136
1206719790825574402
1206633742388862978
1206485629699284992
1206471928053149697
1206512631730917376
1206505986636296192
1206458252571086848
1206479829891190784
1206503167174815745
1206661129595969536
1206554631037489153
1206510461933572096
1206496276017229824
1206471234067877889
1206639788469706752
1206459283488952322
1206644647759634432
1206486824996216832
1206570616213659654
1206630362132164609
1206502201654497282
1206538016426221568
1206522836552167424
1206534625113333761
1206456227942846465
1206476826803101697
1206532318044790786
1206459406319325185
1206680780774264833
1206555574441259008
1206545171569098754
1206607613863047174
1206531525308760064
1206571842309427201
1206461359552106496
1206617169062174721
1206555072592842752
1206639442930343937
1206496567529820160
1206743746257313792
1206513355483176960
1206477002364112897
1206664993145544704
1206469782276657153
1206588436355993601
1206589937820348417
1206786308846342146
1206519602315956224
1206658668936269824
1206672614871228422
1206641388080812033
1206501633884114944
1206732941059117056
1206467621685583872
1206553397022937088
1206768263138566146
1206544964978724864
1206749622409891840
1206654054975365120
1206500827399151617
1206574932450299904
1206665842567589889
1206707536189112320
1206508794588663809
1206534617039351808
1206735447583592448
1206651321283174400
1206605843568975872
1206676565133799425
1206491594997862400
1206460229556342784
1206464916187746304
1206791661134716928
1206513470184869889
1206615892337012736
1206472736299790338
1206621352079380480
1206460374985273344
1206545576055255041
1206613055678943233
1206476131018461184
1206565503029989376
1206483187268038658
1206485656857391105
1206469826849447936
1206636538215436288
1206751028609273859
1206465372259524610
1206659382517403648
1206632466993287169
1206661577858043909
1206477984124809216
1206474302050242560
1206521399248117760
1206501128344616960
1206504085110870016
1206555081832833024
1206527002926370820
1206670357748494337
1206487232623861762
1206688590597644301
1206559490931331073
1206530469518626817
1206605321491357696
1206685303043510272
1206553853753208837
1206588023787405312
1206632803988910080
1206522654066401281
1206512817412677633
1206510202931032064
1206529855061479425
1206500505654038528
1206549738717425669
1206457657848147968
1206594531136823298
1206486842264162304
1206648736048390147
1206478861615214592
1206527825110609920
1206540516474703872
1206465500311478272
1206669980097536000
1206459706061000705
1206505076849860609
1206514219597942784
1206520856723243008
1206494172406075392
1206553754880884736
1206631776338219008
1206597945786818560
1206781318392098816
1206681110526201862
1206471740974600192
1206458941070331904
1206516379832266753
1206774223026479104
1206542811987947520
1206459138596855808
1206809522989342720
1206624332576899078
1206538725301338113
1206515852251676672
1206542408940474369
1206517524113821734
1206566175368458240
1206461489609097218
1206502634275975168
1206490621931900928
1206621179588620289
1206486364570767361
1206594078516887557
1206491253946355712
1206557984148664321
1206553879405637633
1206685197313413120
1206550735917342722
1206545066984124418
1206584343734431745
1206492047546429440
1206471058662014977
1206616351772528640
1206576627444002817
1206545539363475457
1206734746958618627
1206588589053751296
1206555596020834304
1206549986583953409
1206499883013885957
1206517672667688960
1206553451678834688
1206605650899480577
1206473856132812800
1206649530072150016
1206526622079340545
1206626902607384578
1206632489726488581
1206501850024992768
1206562295410810880
1206563876646653955
1206608566569914369
1206617685968207872
1206510804608126976
1206529773385768960
1206620548681191424
1206664534318039046
1206462728216428545
1206525082170019840
1206654963331547144
1206587133235998721
1206543916838916097
1206599873325346817
1206468541702180864
1206707466647605248
1206550822047354881
1206608687579779073
1206477210699411456
1206516164584726530
1206603881280688128
1206582001618292736
1206524121342980097
1206529976939491328
1206519241987497984
1206497039577763841
1206594929360801792
1206613923765592064
1206509925481897986
1206462824630890496
1206692010184396801
1206476043428749312
1206479394438602752
1206478457808596993
1206702152007245827
1206614295376777221
1206632865036767232
1206519571475320832
1206669765965746181
1206618418134364160
1206558844119334912
1206633683899371521
1206553558558089218
1206470445190590465
1206530941591654400
1206489949014544384
1206707217870790664
1206577973324849152
1206503030734102529
1206620740746907648
1206491078121205760
1206622720806604802
1206550482153607168
1206675971132317696
1206742951914868736
1206498793845342208
1206462045438255104
1206484537624190976
1206549840978690051
1206513092445769731
1206490595134451712
1206457933568983040
1206475678809559041
1206475103506227201
1206532121365565440
1206563576187482113
1206543245607657472
1206516901767254016
1206494893440405504
1206548491176153089
1206456569405362176
1206457907858022402
1206517884127793152
1206601941775724546
1206468128193957889
1206467895665971200
1206811283984732162
1206607576458289152
1206595873037307905
1206501859327803392
1206531522616004608
1206569965618376705
1206559993153163264
1206516347468947457
1206665042390921216
1206581898748874759
1206567579579346946
1206673825259233287
1206479334300639232
1206487270255144965
1206651535062687747
1206518582605156353
1206588492643475456
1206666812152303616
1206662871947661312
1206467370895716353
1206478563693727808
1206466388237410304
1206521048692383745
1206510834379296768
1206471764722769921
1206692835027816448
1206702730439516160
1206812355121831936
1206457264980340736
1206598414101811202
1206545846591991808
1206568819059314688
1206520411573379072
1206479452953366528
1206491957633146881
1206516910814351360
1206653418384830465
1206658882392797185
1206512335738822656
1206586485027352582
1206458116474318848
1206563836045799424
1206573218192076801
1206516143386742784
1206545732083363844
1206778364738056193
1206507064396308480
1206714841035132929
1206485850810441728
1206547139347783680
1206652939261136896
1206671726198829056
1206495286979416064
1206712986632622081
1206668075510239232
1206766724147818501
1206589184602972161
1206498620817711104
1206513836427075584
1206597264514396161
1206564556815945729
1206654135526969344
1206529328693035009
1206515132601384966
1206662804259966976
1206560292014084097
1206666015251279874
1206465374193115136
1206523748632932353
1206454252614361088
1206497442633568257
1206549701799100416
1206658394351910913
1206612259310583809
1206561477903241216
1206462579163439106
1206484469236015104
1206567220903600128
1206457147514662912
1206644686246567936
1206569543872716800
1206588479192420353
1206811987335897088
1206782249682780160
1206461100595781632
1206669834387365888
1206620649168474112
1206526233565179904
1206458932232966144
1206512545265311744
1206565289716006913
1206754511114637312
1206539815719784448
1206504183823818752
1206504352027942912
1206520192555241473
1206624152746156035
1206737811749122048
1206492702159847424
1206480759009218560
1206500819698429957
1206457145388077056
1206468464623394817
1206525049550909440
1206652839336038400
1206524699397836800
1206634093905162241
1206545320919928833
1206791042554585098
1206621590101864448
1206591392388132865
1206505277530480640
1206546025323864065
1206462720461156353
1206543551510790144
1206621624440643584
1206555625452457986
1206592821639168000
1206504798947811329
1206618325163347969
1206659891198414849
1206474062647758848
1206519332597063681
1206750333558505477
1206454741582123008
1206504916988157952
1206679882572468224
1206637239096225793
1206563770006421504
1206502994671493121
1206739830643798016
1206474536771891201
1206520520616939525
1206533248815378432
1206619273306746881
1206462379300667393
1206620163216494592
1206511412702523392
1206474797422718977
1206466970792497152
1206705355755073543
1206493945729077248
1206478471330967553
1206510424188948480
1206586011989561346
1206474676450537473
1206715104491974658
1206486225437241344
1206546080894246913
1206505756251607040
1206474326041595904
1206673499735121921
1206490097375436800
1206463956321259520
1206553917020135427
1206685088697729024
1206589757125472256
1206552316968493056
1206600724794224647
1206485927620681729
1206615052930957312
1206618768505540608
1206604547340288002
1206458699826511873
1206468005313568768
1206541744298450945
1206662847071211523
1206491408972079104
1206635114790293504
1206517234904051712
1206475875216175104
1206710399506296833
1206459122570403840
1206526688626167809
1206536298640629760
1206673991953526784
1206637281181913089
1206684766449405952
1206500006393286656
1206642536904896517
1206675962760507404
1206678002974769152
1206494701894938625
1206706279906979840
1206610362533130240
1206473993764651008
1206460688094416896
1206523550569566210
1206546433664532482
1206480212436930561
1206519663364116480
1206544884917772288
1206460319083696129
1206547959703310338
1206798035432419331
1206487206669537280
1206528461612994560
1206487423687024640
1206634749592244224
1206603354257969152
1206714748613599232
1206609960022560769
1206591736316911618
1206516396345233408
1206485216530972672
1206641143016042496
1206573068207960070
1206494961417502720
1206555034718232581
1206456485385003008
1206459234570919937
1206600266839187457
1206523957949739009
1206503905288474625
1206660383177621506
1206538615645515776
1206542612888506368
1206483204628201472
1206574486415392769
1206552374921375744
1206494560769265666
1206595674541821953
1206675340086693888
1206470901920882688
1206514498682658816
1206478623538122752
1206473714461630465
1206504665057308673
1206555915350167553
1206633230386040834
1206693058319921154
1206635317702381568
1206523109110669312
1206500851457708032
1206599189418979328
1206661717368983552
1206457923267940352
1206649458357948416
1206580104882769921
1206542699513499648
1206461676184391681
1206476653725138944
1206504603715559424
1206454393639333888
1206664589469011970
1206512151470444544
1206500221112520704
1206482655329566720
1206660067573092356
1206481192066985984
1206527176952209410
1206480293298880518
1206522962460971008
1206557562772107265
1206644892686069760
1206491853757042688
1206809289291116545
1206570652431507456
1206495220977881088
1206554911380590592
1206464729910263813
1206708239682932743
1206536494703415296
1206672121457520642
1206584639990751232
1206468403000688640
1206609553133121536
1206509514322825216
1206523798968774656
1206491964717371392
1206519448456306688
1206572483601739777
1206462367279828992
1206489442195779585
1206507411336552449
1206615974990008322
1206589441667747844
1206536704812699648
1206457496552038400
1206455499350261760
1206606422185783297
1206515148883681285
1206577815593930752
1206454216774082561
1206521069148004352
1206703586916421647
1206558721398194176
1206454295601782784
1206462852808105984
1206673015943110656
1206473036557406208
1206494536945549312
1206464128652652545
1206530394083999744
1206515328949399555
1206645912832856067
1206666556689846273
1206622233864605696
1206587895693422593
1206456873576288256
1206515749092831232
1206605806319423489
1206644456390320128
1206482196858585088
1206529683359059968
1206489718361186304
1206690066480947204
1206523604093079552
1206478166145019904
1206533928280100864
1206455391455977472
1206544969051316224
1206513875711123457
1206639416808296449
1206608262017273857
1206457356508418053
1206518429370462208
1206457961293463553
1206709945141538816
1206697112651452416
1206478638100684800
1206653091346604032
1206502446517964800
1206456578788003840
1206543498637385728
1206476978674683907
1206551195000725504
1206474814900314112
1206496833834500098
1206560138477342720
1206476075859152896
1206549845714051072
1206641096358551553
1206523226328834048
1206706230703644674
1206621111284371458
1206471563786293249
1206546691744313345
1206560054352261120
1206555298766491649
1206691867267665920
1206473410131443712
1206469915751960578
1206471770968121345
1206549592122241024
1206539521065725953
1206492030664429568
1206506545485406208
1206622068323823617
1206661953856385025
1206472545609928704
1206544494512005120
1206685183635836932
1206521970759782400
1206548016628412416
1206457990863298560
1206520518297305088
1206801969458896896
1206455171787689984
1206588478789750793
1206706235271200768
1206674711876374529
1206614526638067714
1206502636758937602
1206503352928022528
1206529975526076421
1206492633784291328
1206458841761812480
1206521245010923521
1206534272355569664
1206497294004215810
1206548966864801792
1206634124942942208
1206549222306304002
1206509636813086720
1206633215949201410
1206573630051799040
1206501460839669760
1206505694322708480
1206645579926921216
1206483148663590912
1206515316827807745
1206709197141954560
1206471526884741120
1206504207706132481
1206457182792962048
1206592272655097857
1206556246343667714
1206478409850851329
1206548819720232967
1206513086066237440
1206680142740897795
1206597191378313221
1206464621252624384
1206607764686065665
1206454136578990081
1206666799401644033
1206501061747302400
1206648436205989893
1206635121052397571
1206466951893180416
1206499907353399296
1206704576088477699
1206771073519366144
1206520040272596992
1206574816184152069
1206534034681221121
1206600217426092032
1206687339826892801
1206706275674931200
1206535171379531776
1206466256859041792
1206537254895833093
1206771314394050560
1206505982236471296
1206497449138884608
1206496374159761409
1206492336655613953
1206529234757402625
1206668390120775686
1206579071909543936
1206532690926653442
1206602993220694016
1206495428952383494
1206669701545439232
1206584111781072896
1206497597223002112
1206555823800872960
1206521038491680768
1206601814935777287
1206651970662084610
1206581950233759744
1206639797084868610
1206514037066027013
1206588926313533440
1206464932134424577
1206491534763446272
1206720708899983360
1206611689078218753
1206511383816417280
1206518255709564934
1206517913441710080
1206708244485459969
1206469770293309441
1206716534619615232
1206464023228813313
1206580304120561666
1206526525975216128
1206652869035864064
1206583149389656064
1206503138053767168
1206482101647937536
1206658937640161280
1206548082831319040
1206646690129874949
1206552359914102784
1206537032639635458
1206556286835408902
1206489732533891072
1206477554535845889
1206457844628967424
1206693348075065345
1206519732859527168
1206456195709591552
1206583932860452864
1206636167250223104
1206526524800847882
1206796630306906112
1206667283038449664
1206533690760847360
1206522836610932736
1206479731165712384
1206462588202242048
1206465443936047104
1206517151038918657
1206488427941781507
1206580516050362369
1206480622136496139
1206478383598563330
1206670287271534596
1206534183822213120
1206461086846902272
1206462574042210304
1206610372716879872
1206647122537394178
1206616519813292033
1206458045628387328
1206479485610188801
1206518126038409217
1206586834509275136
1206775577308520448
1206676935935438849
1206575396621344768
1206500684255911937
1206515451221729280
1206633721404755969
1206585835530919937
1206606556726530048
1206481978352177152
1206549921240879109
1206476686797217792
1206564976074350593
1206507085376212992
1206642875762642945
1206459156686872576
1206456991440392193
1206645935381594113
1206542050700800000
1206553577180860416
1206558704302280704
1206654068783009797
1206466343471587328
1206639665643737088
1206491182899048450
1206594410810621952
1206664249566810113
1206517278025629697
1206526852384403457
1206474275542188032
1206663650347487237
1206466533658157061
1206514538998370305
1206482421060902914
1206456104714199040
1206458121083932672
1206653875752783874
1206629612777824262
1206635673916235776
1206523074356625408
1206480998722093056
1206512532162265090
1206508072899956736
1206510528996229121
1206541176347791360
1206697140447272962
1206471762956959745
1206470914088558594
1206468806475833347
1206537828852785152
1206508542842359808
1206580255063973888
1206456568046374912
1206568896762957824
1206516252329611264
1206552523743600641
1206667335110660096
1206514591301279744
1206548235680178176
1206454134288859136
1206578975100813312
1206597734284824577
1206501647477805056
1206556965595418627
1206454883571908608
1206766868834467845
1206510991997067264
1206647171765944320
1206535494970068993
1206469898622394370
1206460745812234241
1206470495362863104
1206523403638845443
1206518707243094016
1206463400496238592
1206532246070542336
1206493205933494278
1206678159434928128
1206508469848813571
1206505082080169984
1206484119963815937
1206473954141122560
1206809019815514112
1206713583280828417
1206633305405349893
1206578605003870208
1206686559224893443
1206597007294521351
1206506771248009217
1206488222576062464
1206642679527956485
1206594326119276544
1206482938378047488
1206463835915399168
1206721082595725312
1206485978053070848
1206504208897318912
1206508910804426752
1206654707286106112
1206455105102450688
1206682208456581122
1206504752864993281
1206591065576345605
1206459240984043521
1206562546091728896
1206589810212663298
1206558440014991366
1206667254710120448
1206657967908696066
1206611532215455749
1206547039225602048
1206729809902088192
1206662887449780227
1206466014680092672
1206677804819079169
1206463559678517249
1206584352651579392
1206799543951593472
1206589776540909570
