1201578909697036289
1201654346569670657
1201414045787553792
1201589775846772738
1201594439736733699
1201593310177087488
1201590221290299393
1201457168098181122
1201652209836007424
1201445428279070721
1201382659538276354
1201517881697153025
1201450834275504128
1201418148974645248
1201500455890755584
1201541365768884224
1201412579656183811
1201415523461992448
1201397381645905921
1201639896785543169
1201561985562939392
1201562131981844481
1201397424272629760
1201435369574719488
1201412203783639040
1201450496231391232
1201413048063447040
1201561928264491008
1201514602581893126
1201570671815483392
1201562145638498304
1201443655418097664
1201567880787234822
1201483861932281856
1201562086515585025
1201565574893047808
1201570771019214855
1201604090201100291
1201403100575272960
1201462694345412608
1201564381336788993
1201431145465962496
1201427835346456576
1201454096190001152
1201433669845553152
1201592753295151107
1201428114980659200
1201449403279650816
1201709686342455298
1201562091691429888
1201418126052724737
1201531239410343939
1201562630957215744
1201486411515531264
1201526094328991744
1201463121820504065
1201605367031107586
1201563489782976512
1201591464419045377
1201397273323876358
1201684830343323648
1201585127207383040
1201449791617671170
1201561969431629824
1201489236794454016
1201562022523088896
1201701333943947264
1201445108618604545
1201426753685803011
1201417595666210816
1201453015552708608
1201642023763238915
1201442145502220288
1201408005545381888
1201604075537743879
1201709757125595136
1201562318527750144
1201451632870989824
1201636927486726144
1201412720647651330
1201562006899318784
1201392213248368645
1201562559171698688
1201408671286276096
1201563544686342147
1201540736367386624
1201722119274541056
1201474593954975746
1201599091937075201
1201582784751570958
1201396270511853569
1201474566176067585
1201714567912591360
1201541000642121729
1201411495608930304
1201647133264416771
1201551903202693122
1201564992350441472
1201454866117406720
1201567297367953410
1201588241360703495
1201562080224129029
1201457521095069696
1201451019504406533
1201562389507969024
1201592703819112451
1201592487263002624
1201563313836044294
1201561943389167617
1201440499871166464
1201605608073551873
1201489025669971970
1201429842673188864
1201606453389381634
1201418495730294784
1201455589546758145
1201417729850392576
1201550043880275968
1201519516116824065
1201450980715507712
1201426800427044864
1201568987043250177
1201448575256944640
1201454138481135616
1201562083927764993
1201416224904753152
1201429815494139905
1201566725709410313
1201562484139864064
1201562102240030721
1201440595719397376
1201720132655030274
1201416098740146177
1201411678308577285
1201400886695727104
1201574274378686464
1201424946410532864
1201460152139993088
1201429677757419525
1201417722413887488
1201531736867459074
1201420774592204800
1201711777559568384
1201451941597007875
1201531467597307904
1201604393038229504
1201414827702444032
1201448320402624515
1201562511075684353
1201457116197900288
1201416562575642624
1201466687909969925
1201543614888923136
1201534498543939586
1201416418111164416
1201604362872725505
1201417541207363585
1201413082582573056
1201458923917762560
1201408300652408834
1201583559519211520
1201708031467233281
1201428484805005318
1201444094704324608
1201605602901995520
1201457707280195584
1201403638066941952
1201450899157200897
1201396726428512257
1201426785591840769
1201412866357809152
1201451831538397184
1201455352379838464
1201544402537238530
1201568328466288641
1201484938245296136
1201652209836007424
1201589775846772738
1201538230799257602
1201654346569670657
1201731329118932992
1201420395179577344
