1210883752601300993
1211061192397070336
1210946178600329217
1210909441190760448
1210946174989017088
1211097422421774337
1210823868287315974
1211060946619252736
1210938964187713538
1210930584824012801
1210805557390479361
1210986672692899840
1210916838156177408
1210981133871136776
1210836375236251649
1210860602102558722
1210817499400290304
1210963592020942849
1210992170058035200
1210825673595506697
1210985753272094721
1210866532055764994
1210803510729564160
1210896257402785794
1210877371911294976
1210884915308486656
1210925179888635904
1210819314342694914
1210942204585398273
1210966590830923776
1211087814823161856
1210846848241586176
1211004632388030464
1211061192397070336
1210931557420150786
1211112136568643586
1211142902744834048
1211060946619252736
1210846848241586176
1211005663058509831
1211012911365263367
1210983527874998272
1210866705628585986
1210834103718707200
1210930968049127424
1210893998291922949
1210897047357972480
1210889088779325441
1210939662140878848
1210946060438429698
1210842139980005376
1210828067364470785
1210920113513336832
1210982037722718208
1210886235587256320
1210882934967865344
1210957500863913984
1210863854277865472
1210831806934568961
