1202738053632155649
1202681147035127808
1202516453628502016
1202598336764747776
1202586628520370177
1202592064476794880
1202570688852185088
1202682299764105217
1202566659233533953
1202649372158316547
1202526591466782720
1202523238087241733
1202587972828323840
1202687146538229767
1202519126863945729
1202585939723337728
1202512903313788928
1202503506000830466
1202545289112031232
1202551136500232192
1202592905589866496
1202563405737013248
1202544974396641281
1202591350216175618
1202655190895284224
1202497090707963904
1202595039060340736
1202560936663494662
1202508747660242944
1202623233238933504
1202639288040611841
1202510682475945984
1202622646292226054
1202671565273550848
1202619491945009152
1202502215941926912
1202574383035899904
1202512917066858497
1202594887385923592
1202503629107875842
1202543033348214785
1202547727374147584
1202583746408517632
1202617096716390400
1202539279035125760
1202614859239763970
1202495004092063745
1202584852844961793
1202544701850685441
1202555053220995077
1202643212646658051
1202619583246548994
1202802061143871488
1202501746104381440
1202561303543504897
1202540549032620032
1202498184200835072
1202500529970196480
1202506457381527552
1202555071428476931
1202582018644684800
1202595775697567744
1202504308207636480
1202523126388740096
1202758855228297218
1202611862233321472
1202628728519569408
1202522534358536192
1202528095804235776
1202551444928372736
1202518236526448640
1202538339745841152
1202625860425129984
1202506634683129856
1202527506387132416
1202536966480375808
1202538965213097984
1202688929339756544
1202547053508931584
1202507436546019328
1202610067205435393
1202630647547867136
1202509838833590273
1202515193537925120
1202670656648876032
1202529602586832896
1202685734349611009
1202664006592454656
1202653609915224064
1202615715800453127
1202656433780727811
1202513674956611587
1202656323126595585
1202571065882480640
1202516158781575168
1202559270123921408
1202538791036182528
1202519355482722304
1202576647813246977
1202497179191009280
1202620789784293376
1202492459881775104
1202494692446949377
1202550695368577024
1202516510897508352
1202513037938352129
1202815032599429120
1202533804830810112
1202495375027982337
1202494491195777024
1202495258275274759
1202616503549517826
1202536306791854080
1202496299293192192
1202502999240781824
1202662001039872000
1202790988441370624
1202504542627258368
1202749508226076673
1202494262522339328
1202685182374899712
1202518863830831104
1202590417184796672
1202496671260778496
1202649372158316547
1202655190895284224
1202538339745841152
1202502215941926912
1202536966480375808
1202495004092063745
1202544701850685441
1202566659233533953
1202657270993162240
1202651418617950213
1202596504852213762
1202591761731768322
1202594858516434944
1202614259269750784
1202657262688448515
1202594484099391488
1202728998108848129
1202675395319017472
1202588900880982016
