1203419324750413824
1203364373357584384
1203429890793574400
1203257957720502272
1203349933887242250
1203530187067056128
1203300297650688003
1203406327076315137
1203309423545987072
1203392798566825985
1203210748681437184
1203313630873296896
1203257991413293056
1203409132382048257
1203533678636392448
1203452599594143744
1203391555995869184
1203402689910116355
1203326273172492288
1203338485526081536
1203298312226562049
1203321078858301440
1203390967384031233
1203248619001958400
1203252476364939269
1203429834107564032
1203301276974567424
1203468480303042570
1203506113079136256
1203487379811643393
1203260337937698816
1203217590807678977
1203396709184888832
1203522356209209344
1203280189075136512
1203302113486364672
1203352236182638598
1203255331054346240
1203330689816563713
1203487624087920640
1203300550516846594
1203324069766205440
1203420782703075328
1203296386906804225
1203390592476164096
1203318386790469632
1203291253963722752
1203387959778648064
1203284225610452993
1203394204208128000
1203397663770791936
1203428527279878145
1203412894223912960
1203389081050386436
1203272424910991362
1203385062517018624
1203380317928730624
1203272572315422721
1203419285974134785
1203425135975370752
1203397076308103168
1203313995064762368
1203385760453402624
1203276810328444928
1203372615169171456
1203385404352860161
1203418573881978880
1203273038848020486
1203435200434315264
1203376328780734466
1203463035341475841
1203397580895531009
1203384885043507200
1203364375396003841
1203411345221324800
1203435778124263424
1203398112414457857
1203460070849306625
1203356187141398529
1203371473508937728
1203385640899022849
1203452870240165893
1203372777010585601
1203391372537081856
1203394958415278080
1203389188105818113
1203436967658061824
1203364350687358976
1203272556670795777
1203390496023941120
1203400142361157632
1203387088097497089
1203387665749544962
1203303922368155649
1203390915311808512
1203393850380869632
1203394021692968960
1203272564975509505
1203386279276273666
1203389274961391616
1203391149353971717
1203456538804989953
1203435803260719104
1203272561863352320
1203388962343194629
1203397431444070401
1203461806817198080
1203308618877210624
1203370884620341256
1203390479792005120
1203398242907623427
1203418642517577728
1203388180927569921
1203435902418206721
1203387634762100736
1203291170752880640
1203391300298575872
1203386160971681792
1203421168822312960
1203392740349878273
1203435762496233472
1203423336916799488
1203403510127243264
1203449980054331399
1203370741149900800
1203387272084766723
1203410555362525184
1203348173072322560
1203396598014849024
1203370809831628800
1203390229647953921
1203435557747134466
1203406625077379072
1203373376372453378
1203395469550006273
1203379658160590851
1203277569090555905
1203434272218071041
1203340721543143424
1203398204672352256
1203308266689826817
1203295260710969345
1203300788459704320
1203273630362349569
1203411411252269056
1203390382828138498
1203387255789957122
1203388045476675584
1203398046970765313
1203396340472045568
1203448248020733952
1203342621319581696
1203383266209935361
1203435357087420420
1203352876556455938
1203441394590867456
1203429269294211073
1203434195827200001
1203276337370320898
1203388632532434944
1203272530724884481
1203392783006011392
1203392169731604482
1203397848945090561
1203273411021197312
1203383940817604608
1203389721549901829
1203420080350126081
1203420015208419328
1203372133721751552
1203388798509420545
1203456383548633088
1203457556896727042
1203369291883696128
1203290454726512640
1203392982453407744
1203273347028660224
1203390240892899328
1203384153808527361
1203273494869487616
1203277157608411136
1203399489282818048
1203385234051469314
1203356648254922752
1203278616391491587
1203385705856192517
1203306970582794240
1203411368138985472
1203359247192481792
1203276114489163777
1203387793222844416
1203396675848544256
1203386811361505281
1203391891858964481
1203284037630152704
1203396379978207238
1203386365561450496
1203389885849243649
1203385514885361664
1203442985586823168
1203411323117342726
1203389900072075264
1203397567398207488
1203295359931486209
1203283688496287744
1203388333361172480
1203356120095559681
1203272421681311745
1203282581384548352
1203420564540592128
1203384275049029632
1203460051421282307
1203333579213885448
1203367642645577728
1203396808334073857
1203435543348105217
1203435790359027716
1203308865892339713
1203390489858379776
1203376159968440321
1203394825145536515
1203457092767682560
1203427981340876802
1203363365264994304
1203448182916685824
1203390272614350849
1203411300761645056
1203385600478457856
1203454433998311424
1203390439237263360
1203412666158637056
1203389996415299585
1203386908736397318
1203391646303428610
1203429301569363973
1203380095525756934
1203272420762755073
1203272394959441920
1203386624677167104
1203397058717245440
1203308095679717377
1203391105682804738
1203279716905603073
1203343039885905921
1203389117930917889
1203308843637321728
1203463218070540288
1203292171358605314
1203539289633513473
1203391216504786946
1203503505534681089
1203383934727442432
1203300461174050817
1203384831410720768
1203389959035596807
1203391857117581313
1203396508298727424
1203371085196075008
1203390649376092161
1203384551164334080
1203389475801448451
1203391797961080833
1203396910075334663
1203386661943619584
1203281301626900480
1203393920794845184
1203463359951200256
1203282079544463361
1203290973087977472
1203456494550896642
1203385859329925120
1203463123753144320
1203310170673156102
1203392498799906817
1203519133083680768
1203420668815126529
1203314507361193985
1203377369853169670
1203385752463331334
1203386115291590656
1203339746153504768
1203386407466782721
1203375332251725830
1203382887061577729
1203371654543478784
1203410159265107969
1203356370063548416
1203276785577873408
1203388455369281537
1203419627730153472
1203391597930520576
1203386376181428225
1203394298080907264
1203455139501223937
1203397539799748608
1203388165802909697
1203461944361000960
1203389044346032128
1203386210456145920
1203447860949397506
1203371262673850372
1203391202537754624
1203392811229491206
1203383712920096768
1203397987982102528
1203392121367085056
1203387164937064450
1203382294750216192
1203462798640140291
1203394993701949441
1203300700354174976
1203448708907622400
1203390003642064896
1203334338072530944
1203280867013152768
1203411361730113536
1203391483337834496
1203396563739000836
1203390882503954436
1203380435222437888
1203429342757433344
1203435517607583745
1203312326805512192
1203394509410914304
1203390405456400386
1203389760313671681
1203386685578514432
1203391497665683462
1203387527131992069
1203463258797170689
1203276379359502337
1203429834107564032
1203233260920328192
1203406327076315137
1203223819625881601
1203266066002120704
1203289191242579969
1203232602037116928
1203253366014517248
1203312309806018561
1203294506017316866
1203334263267041280
1203487379811643393
1203257991413293056
1203328530815291397
1203252476364939269
1203390967384031233
1203386341511356422
1203438220001906688
1203383246790307845
1203418080946331648
1203402586260410368
1203380035324911616
1203380941982437376
1203544604961841153
1203397206327218176
1203428555851472897
1203378465824792584
1203407796810723328
1203382096217153536
1203434514942431234
1203393809272524800
1203482565413363712
1203242758372245505
1203401591220514817
1203392372954091520
1203410884028182528
1203388470519046144
1203396083180822529
1203378631302668288
1203478373575598081
1203377933685010433
1203381463816790019
1203514798492856320
1203388158483861504
1203378690257772545
1203409496896348160
1203381715445661700
1203386283646758913
1203379550606024707
1203530367074021377
1203400074551857152
1203402305959280640
1203383731886678017
1203382062499143680
1203381198971641858
1203403741648621568
1203391269147418631
1203382976672944128
1203422096426176513
1203379424885985280
1203379459958681600
1203384326005637120
1203381445747707904
1203380585114357762
1203406590759645191
1203446544424419328
1203432101808345089
1203380866015252481
1203382523000176640
1203422463448821763
1203378203001315329
1203404219665059840
1203386644256239617
1203413318578388993
1203383683882856448
1203379177606524928
1203388569022320640
1203405461338370048
1203388868172697600
1203396532978044935
1203381312272445440
1203377893746913280
1203418342331179016
1203379837571944455
1203340820721676289
1203440881052930048
1203437639904497664
1203389131398750209
1203385789821919232
1203401450040242177
1203518852543455234
1203403389616427008
1203410677727141893
1203378308169293827
1203387874114252801
1203442010021122054
1203468217261445120
1203416257690816512
1203378648834859008
1203397396606177289
1203386747104694272
1203377944053325825
1203386839828246528
1203378699049013248
1203382514800353280
1203384065145102337
1203379434553839616
1203401787031609344
1203378555691900928
1203413430704771073
1203462327112228867
1203485456626847744
1203386040024813568
1203435890061783041
1203399167730737154
1203403944199938055
1203416070704504833
1203411573928267776
1203392685563875331
1203399303479386112
1203379365339451394
1203552952063004674
1203407287949369345
1203385759123804161
1203399848596250624
1203483973105704961
1203385585395785729
1203383414226853888
1203379355176624136
1203388602971041792
1203385079482990593
1203399108704296960
1203396287430828033
1203417238512054272
1203381812594139143
1203456218796347392
1203380374564462594
1203442595092930563
1203476126896668672
1203410129116442624
1203381924523323393
1203531631191101441
1203380839075237889
1203398888129990657
1203429953523585024
1203519675675611136
1203378307707887620
1203378168335388673
1203420218309201921
1203380382873325568
1203380553938096130
1203380426313744386
1203377849211768833
1203483994165260288
1203474982938038272
1203383294706036741
1203381476492009477
1203420008459751424
1203381018532679682
1203427499037937664
1203406431707389953
1203389385632342017
1203378044259459075
1203380250509561861
1203531684605501440
1203378189827006464
1203431474298576898
1203388985453756416
1203390519126179840
1203402080792252417
1203381453955964929
1203379348994220032
1203381480820486144
1203448390673195008
1203428653851385857
1203419232953868289
1203481395051544580
1203383104439750656
1203399671290454016
1203530092808413184
1203377963259047936
1203535006016114689
1203382050574786560
1203388013994229761
1203387001141157888
1203412735960244224
1203399941802119168
1203403768248905728
1203413466373115904
1203395926435540992
1203402058730287104
1203378276103794691
1203385987163983873
1203383657626509312
1203394082795655168
1203386214562357248
1203383612097384449
1203437862978572291
1203247837066207232
1203402027075657728
1203403300613300227
1203381347609395200
1203547638731284485
1203389026281111563
1203448442934169601
1203425753779646465
1203243877584510976
1203379029795123200
1203382341651091457
1203540905845645313
1203458215230476293
1203378530899415041
1203386669937901570
1203379170807631873
1203378642371448834
1203383672495366144
1203381668624637953
1203510910410723329
1203378392130822145
1203383322082234368
1203379402882633728
1203378442487640066
1203385677292933127
1203378051763113985
1203384358649946115
1203538446934933505
1203411732271640576
1203402375647682560
1203377924168134656
1203408382352379905
1203385684393943040
1203439199623536641
1203431382351003648
1203383444342001666
1203392087665860609
1203378606891814913
1203414574067789824
1203379129145593857
1203378083933433856
1203414846689173504
1203382800621228033
1203414298720124929
1203529702356529152
1203334946196262914
1203380279206973440
1203380235359719425
1203392769345150978
1203397565787586562
1203419695015190528
1203377956405547008
1203423385214013442
1203412804973350918
1203538736799084546
1203406564482330630
1203392102803136513
1203382667628158978
1203412528316985345
1203392722918395904
1203390398787440640
1203396058484740099
1203381323487961090
1203381918940749825
1203402184240619521
1203378626860851200
1203382383527026688
1203381891518357505
1203523234395803649
1203534040470568962
1203391726519562250
1203436294178779142
1203407473861898242
1203381286011916290
1203404711073697794
1203458852454354944
1203455977040818176
1203421253622784000
1203383014312554496
1203391512899391490
1203468530152288261
1203380783529938944
1203551554269253632
1203381859738099712
1203546497637388289
1203394064462360576
1203428064358780930
1203413709948739584
1203405729429938178
1203381143288107008
1203396857860362240
1203394700532756480
1203532268825989120
1203378320253050880
1203387967076732929
1203397705533468673
1203416626466578432
1203386704406728706
1203381791559581696
1203381756864483328
1203487088114622464
1203432157399724033
1203395464927875072
1203411860042797059
1203394384714178566
1203390189307072513
1203387307241476102
1203380254443757568
1203387237762772994
1203384429844017155
1203380986714763267
1203398731258880000
1203303355965153281
1203379948825780225
1203389688041672704
1203542204326629382
1203475395452055552
1203377927661985793
1203379087659687937
1203485423210811392
1203530388762714113
1203493182308261888
1203554443809177601
1203401080865996810
1203381121288998912
1203386623536308226
1203379733863575553
1203402619970035712
1203485461748092929
1203404312887603201
1203425096062439424
1203382735219384321
1203408307555360769
1203505254152753153
1203428387957739521
1203384872909377536
1203384250063556609
1203378057396002816
1203452677616746501
1203378737699545089
1203519654209245184
1203458171454529538
1203378210370719745
1203529493954080768
1203551355148918784
1203379054671474688
1203377959530323970
1203542215277965312
1203378158772408320
1203377991658676227
1203412755279237120
1203396034086481921
1203433005253046274
1203401661600993282
1203421478127058944
1203471752170483717
1203384479299055618
1203388937118584832
1203383802317459457
1203378295146008578
1203412553625473024
1203418541099245569
1203490792007974912
1203378357318115332
1203403845956767751
1203541813400727553
1203381031228850178
1203378255396528128
1203546360131260417
1203386383156613126
1203528012853075968
1203447232227352584
1203529468993843200
1203553385196261377
1203381177551331335
1203387706732089346
1203393685880266752
1203380009508966400
1203380491656802306
1203399761845522433
1203549087729094656
1203379995097358336
1203378115571003392
1203379397107093505
1203380566533521408
1203433322224984065
1203378025611628550
1203381684735029251
1203399840845254657
1203380537378906114
1203479456565866500
1203380729058607110
1203421495806042112
1203436391746736130
1203531013252669440
1203391542888718336
1203378792166830080
1203411322676879361
1203384672081891330
1203381082458071041
1203377922364628993
1203379273815465990
1203465105033375744
1203525145568194560
1203389421179068416
1203530768020103168
1203384361590153216
1203385488201134080
1203411371880337410
1203377986692689920
1203511055273644032
1203427139435089920
1203532606115065861
1203384345928634368
1203388408049086466
1203442898248835078
1203432406058967040
1203384453122404354
1203392725678280704
1203401777158205440
1203437566705451009
1203378044456624130
1203399457187999745
1203387631981252609
1203378403631611914
1203445165811220480
1203444911695179777
1203389400786382855
1203381647460175873
1203541061554978816
1203412954244358145
1203397389370961928
1203378676894748673
1203378381129166849
1203379813676912641
1203384696249421827
1203434399540355073
1203412662329237505
1203408258733682688
1203531001009455104
1203521533521670144
1203418745181478919
1203394435251417089
1203381188200685569
1203385851310411808
1203406197551841285
1203378636855922693
1203456693557964801
1203405510659186688
1203385382622117893
1203409972136206336
1203434524895514624
1203403396276985858
1203379997903163393
1203379032764616707
1203399634271555586
1203387444038656000
1203505528405663749
1203379254030950402
1203407887567073281
1203378731785621513
1203377882380349440
1203456350149328897
1203387208641716224
1203459763041951744
1203386204428939264
1203409721006415875
1203382397389168641
1203385248874188801
1203439268137459713
1203388554338021377
1203379635536515072
1203433054544572416
1203396652717027328
1203379097117831174
1203401776092844034
1203440000362303491
1203390311998902273
1203431270493106176
1203390244600664064
1203395037939294208
1203381036421394434
1203378314427162624
1203412260611342342
1203378483583504392
1203525168188022784
1203448076096212992
1203378041138880516
1203379105183543297
1203392934370070528
1203385087347306496
1203485915529785344
1203445750732140546
1203383080188334081
1203377915792121856
1203392496522399744
1203413289692254209
1203380927524691968
1203502753965858816
1203379307139289090
1203509647388413952
1203394116022919168
