1211616562366615553
1211739314725490689
1211851686597316616
1211742338608979968
1211640239690833920
1211832802217320448
1211702344225828866
1211746868100812802
1211720696289775617
1211726800491028481
1211731896398422016
1211746510666383361
1211711215766048771
1211615453195460608
1211742345194098694
1211868770043650048
1211725368106921986
1211701827818938369
1211669327075786752
1211748571839528961
1211699015164846083
1211731496966524931
1211868259953324032
1211748534141276163
1211726176160505857
1211731537810657280
1211732576840429568
1211716145310523394
1211685560097619968
1211647725311348736
1211723889304375297
1211773081678753793
1211534228426375168
1211807131562844161
1211772828221095936
1211705453949927424
1211587612764295169
1211706491029336067
1211743621847932929
1211726258129780737
1211645365239394304
1211682434976288768
1211747625050853376
1211728290010030088
1211755101897056256
1211887125009973248
1211745272788901891
1211728755091263488
1211841208252809216
1211648161829269504
1211583572559024129
1211719613249138688
1211733889338753024
1211639274698878976
1211724336966643712
1211746080595087362
1211723521208061952
1211737608906330112
1211592088250408960
1211887622609604614
1211775260808249344
1211732532338790407
1211733817549041664
1211726565907845121
1211760464239251456
1211776045004853248
1211725352076226561
1211698999847194624
1211748027964284928
1211746181409312771
1211693196742397954
1211730901496979456
1211832781128396801
1211695188323840003
1211711368740712448
1211744630758346752
1211728660069330944
1211601679382204416
1211751196320509952
1211750220511485952
1211746650030518273
1211672838123540480
1211774328116842497
1211635232610361346
1211743253743230977
1211528653701570560
1211869249247072256
1211734828376317952
1211615453195460608
1211647725311348736
1211711368740712448
1211728290010030088
1211731537810657280
1211702344225828866
1211726800491028481
1211726258129780737
1211693196742397954
1211742345194098694
1211551040648167424
1211648161829269504
1211699015164846083
1211725368106921986
1211723889304375297
1211549744918605824
1211727430664249344
1211759675575865345
1211631152865390592
1211778976907218945
1211728645221281792
1211802525176872961
1211730395093438466
1211751797385240576
1211790542281027586
1211780610236305410
1211731200890560513
1211615452394336256
1211766710140854272
1211748468907290625
1211746539774844930
1211763157271756801
1211727332018397187
1211634236039606273
1211754864037875712
1211751863546253318
1211747641090084864
1211770963152560128
1211607528871800833
1211828964047704067
1211774193945198592
1211612869172846594
1211601033333559296
1211747256644382722
1211750822469603329
1211759802730340354
1211771163279540234
1211666939367612417
1211767903495823363
1211790697742970880
1211752288831836165
1211732381008322560
1211780124410044417
1211771720073437190
1211615789385695239
1211758467091980291
1211699496754843650
1211603855710064642
1211747068034920449
1211764656869707777
1211860734411464704
1211682011716505601
