1210279922004049920
1210145050329530369
1210090754082623489
1210150178315014144
1210131451238334464
1210132131999109120
1210100562634641410
1210309512399327232
1210184187359174656
1210150929284120576
1210323380731285504
1210360946268540928
1210223161133936640
1210234105348186116
1210131769351118848
1210176646545903616
1210281321198751744
1210351165503934465
1210089488061480960
1210314042927128579
1210310266371661824
1210294969199681536
1210414913425936384
1210308670891974659
1210323497819525121
1210117942115012608
1210079977342951424
1210306614814793763
1210170908943536133
1210096429370400769
1210297812191252486
1210185614181720064
1210308647710056454
1210156986895085568
1210145050329530369
1210150929284120576
1210132131999109120
1210223161133936640
1210168636067000321
1210150178315014144
1210285261755764737
1210295203090894848
1210293712707825664
1210412720446672896
1210298135848853504
1210252544422924289
1210281596596547584
1210202517025546240
1210288958799777793
1210321560009134080
1210318669496098820
1210282347372982273
1210110187102715910
1210249539883601922
1210252415439650816
1210282370198360065
1210289002919682048
1210133838921453568
1210206354088087556
1210282492260958209
1210116546330333186
1210278218172895233
1210083537061318656
1210259571274584067
1210289598141739008
1210222129880469510
1210278172605984768
1210201907203133440
1210256361235333120
