1205038929121964032
1205176648477429764
1205200329924653058
1205012748515467264
1205200091327401989
1205283315361734657
1205273299607052290
1205033900621225984
1205202247380025345
1205247726235136000
1205129200404963328
1205221482730835969
1205176216409513984
1205307949440106496
1205038925837828096
1205246040036827136
1205204500786626560
1205214890367037447
1205245629099847681
1205012750671343616
1205141630510125058
1205283189083783168
1205221338157342720
1205051075679735808
1205012751396950016
1205038929876926465
1205043444017778688
1205149633321689089
1205043779033542656
1205268155490349056
1205162979949522946
1205229032016617472
1205218193016524807
1205141398552530956
1205128545732837377
1205204500786626560
1205176216409513984
1205051075679735808
1205200091327401989
1205221338157342720
1205253396179148801
1205043444017778688
1205042897000812545
1205322468325543936
1205185214005288961
1205171769591635969
1205083199258406912
1205233362803314688
1205322267800064001
1205112306344091648
1205066635092070400
1205053145799368705
1205134761959841793
1205120336662089728
1205053817961754624
1205074158381682689
1205042540795351040
